37159.0  14.0  254.644 47.232  0.01029  0.5309  7.898038 
37160.0  14.9  252.556 47.226  0.01069  0.7087  7.894933 
37161.0  16.9  248.455 47.224  0.01089  0.8840  7.893462 
37162.0  18.5  245.375 47.228  0.01123  1.0606  7.890857 
37163.0  19.9  242.298 47.230  0.01162  1.2378  7.887850 
37164.0  21.5  239.210 47.232  0.01211  1.4148  7.883938 
37165.0  23.51 236.132 47.235  0.01261  1.5911  7.880103 
37166.0  25.6  233.047 47.235  0.01306  1.7674  7.876634 
37167.0  29.0  229.946 47.231  0.01348  1.9407  7.873272 
37168.0  31.4  226.867 47.237  0.01392  2.1166  7.869878 
37169.0  34.06 223.770 47.240  0.01443  2.2925  7.865889 
37170.0  36.87 220.678 47.238  0.01490  2.4681  7.862241 
37171.0  39.81 217.585 47.246  0.01538  2.6436  7.858420 
37172.0  43.39 214.498 47.235  0.01615  2.8176  7.852091 
37173.0  46.33 211.404 47.236  0.01663  2.9937  7.847156 
37174.0  49.43 208.340 47.2351 0.01725  3.1695  7.843055 
37175.0  52.53 205.242 47.2321 0.01799  3.34576 7.836952 
37176.0  55.69 202.154 47.227  0.01860  3.52232 7.831907 
37177.0  58.91 199.062 47.2217 0.01910  3.6991  7.827737 
37178.0  62.07 196.001 47.2206 0.01965  3.8764  7.823203 
37179.0  65.32 192.913 47.211  0.02029  4.0538  7.817934 
37180.0  68.50 189.813 47.207  0.02092  4.2318  7.812761 
37181.0  71.42 186.725 47.214  0.02160  4.4108  7.807172 
37182.0  74.69 183.620 47.208  0.02228  4.5892  7.801502 
37183.0  77.83 180.531 47.205  0.02297  4.76857 7.795746 
37184.0  80.90 177.446 47.204  0.02363  4.9486  7.790326 
37185.0  83.2  174.326 47.212  0.02450  5.1310  7.783167 
37186.0  86.5  171.222 47.211  0.02515  5.3114  7.777730 
37187.0  89.69 168.129 47.205  0.02297  4.76857 7.790326 
37188.0  92.78 165.035 47.205  0.02622  5.6746  7.768661 
37189.0  95.88 161.952 47.2056 0.02689  5.85708 7.763138 
37190.0  98.58 158.848 47.208  0.02762  6.0413  7.756950 
37191.0 101.8  155.74  47.216  0.02827  6.2250  7.751529 
37192.0 104.8  152.66  47.20   0.0289   6.4096  7.746067 
37193.0 107.2  149.51  47.236  0.02948  6.5967  7.741288 
37194.0 110.35 146.419 47.230  0.03019  6.7824  7.735319 
37195.0 113.47 143.347 47.234  0.03047  6.9689  7.730541 
37196.0 116.49 140.258 47.234  0.03149  7.1564  7.724259 
37197.0 119.49 137.131 47.240  0.03220  7.3446  7.718306 
37198.0 121.92 134.021 47.263  0.03262  7.5351  7.714769 
37199.0 124.90 130.914 47.269  0.03318  7.7248  7.710000 
37200.0 127.97 127.827 47.270  0.03389  7.9150  7.704076 
37201.0 130.79 124.723 47.29   0.03450  8.1066  7.698915 
37202.0 133.7  121.624 47.29   0.03505  8.2986  7.694244 
37203.0 136.8  118.50  47.29   0.0356   8.4907  7.689423 
37204.0 140.51 115.439 47.267  0.03601  8.6819  7.686119 
37205.0 143.40 112.357 47.267  0.03671  8.8759  7.680385 
37206.0 146.61 109.246 47.265  0.03723  9.0695  7.675675 
37207.0 149.70 106.155 47.267  0.03775  9.26399 7.671291 
37208.0 152.52 103.048 47.263  0.03828  9.45972 7.666878 
37209.0 155.82  99.942 47.274  0.03877  9.6547  7.663189 
37210.0 159.33  96.824 47.266  0.03927  9.8495  7.659021 
37211.0 162.68  93.726 47.271  0.03968 10.0452  7.655668 
37212.0 166.36  90.612 47.265  0.04023 10.2404  7.651119 
37213.0 169.36  87.515 47.275  0.04067 10.4379  7.647510 
37214.0 172.89  84.406 47.282  0.04110 10.6345  7.643776 
37215.0 176.33  81.306 47.258  0.04152 10.8321  7.640282 
37216.0 179.77  78.198 47.284  0.04179 11.0302  7.637930 
37217.0 183.23  75.096 47.30   0.04211 11.2288  7.635127 
37218.0 186.93  71.986 47.28   0.04258 11.4274  7.631193 
37219.0 190.31  68.871 47.27   0.04282 11.6275  7.629019 
37220.0 193.78  65.777 47.286  0.04321 11.8280  7.625724 
37221.0 197.26  62.674 47.277  0.04354 12.0292  7.622776 
37222.0 200.96  59.563 47.272  0.04396 12.2305  7.619200 
37223.0 204.61  56.437 47.260  0.04432 12.4328  7.616039 
37224.0 208.14  53.314 47.242  0.04488 12.6363  7.611307 
37225.0 211.79  50.206 47.248  0.04532 12.84015 7.607424 
37226.0 215.40  47.101 47.252  0.04569 13.04503 7.604174 
37227.0 219.1   43.96  47.241  0.04624 13.2505  7.599512 
37278.0 223.0   40.88  47.272  0.04684 13.4560  7.594515 
37279.0 226.9   37.81  47.29   0.04722 13.6623  7.591145 
37230.0 229.62  34.602 47.236  0.04763 13.8734  7.587644 
37231.0 233.52  31.498 47.233  0.04789 13.9812  7.585302 
37232.0 237.3   28.372 47.229  0.04818 14.2902  7.582720 
37233.0 239.61  25.245 47.225  0.04890 14.5044  7.576742 
37234.0 243.62  22.12  47.228  0.04919 14.7143  7.574076 
37235.0 247.45  19.02  47.226  0.04978 14.9253  7.569163 
37236.0 251.61  15.84  47.265  0.0509  15.1368  7.559672 
37237.0 254.8   12.70  47.27   0.0515  15.3516  7.554702 
37238.0 258.4    9.60  47.24   0.0513  15.5660  7.556376 
37239.0 261.92   6.483 47.231  0.05218 15.7815  7.547844 
37240.0 265.44   3.361 47.232  0.05265 15.99768 7.543801 
37241.0 268.94   0.223 47.241  0.05308 16.2748  7.539995 
37242.0 272.33  -2.96  47.254  0.05370 16.4332  7.534714 
37243.0 275.99  -6.067 47.264  0.05427 16.65163 7.529722 
37244.0 279.54  -9.173 47.251  0.05489 16.87131 7.524467 
37245.0 283.07 -12.305 47.252  0.05538 17.09201 7.520144 
37246.0 286.48 -15.418 47.237  0.05588 17.31390 7.515808 
37247.0 290.00 -18.538 47.242  0.05641 17.5365  7.511117 
37248.0 293.86 -21.66  47.241  0.05706 17.7590  7.505586 
37249.0 297.17 -24.823 47.258  0.05752 17.9843  7.501487 
37250.0 300.65 -27.599 47.259  0.05811 18.21013 7.496311 
37251.0 304.21 -31.088 47.250  0.05866 18.4368  7.491363 
37252.0 307.59 -34.257 47.248  0.05874 18.6659  7.489901 
37253.0 311.14 -37.387 47.245  0.05928 18.8960  7.485249 
37254.0 314.76 -40.501 47.252  0.06009 19.12662 7.478333 
37255.0 318.27 -43.642 47.248  0.06065 19.35890 7.473423 
37256.0 321.52 -46.792 47.255  0.06059 19.5931  7.473483 
37257.0 325.35 -49.914 47.262  0.06128 19.8268  7.467659 
37258.0 328.90 -53.065 47.267  0.06199 20.06142 7.461622 
37259.0 332.35 -56.206 47.268  0.06239 20.29766 7.458014 
37260.0 335.88 -59.350 47.263  0.06289 20.53471 7.453657 
37261.0 339.39 -62.492 47.260  0.06334 20.7729  7.449581 
37262.0 342.79 -65.636 47.272  0.06377 21.0124  7.445802 
37263.0 346.37 -68.78  47.28   0.06415 21.2525  7.442441 
37264.0 350.07 -71.919 47.264  0.06466 21.4829  7.437927 
37265.0 353.64 -75.096 47.252  0.06512 21.7349  7.433880 
37266.0 357.16 -78.263 47.243  0.06565 21.9780  7.429214 
37267.0 360.62 -81.388 47.259  0.06606 22.2223  7.425528 
37268.0 364.13 -84.540 47.267  0.06649 22.4675  7.421735 
