0.08214676270579058 0.08340801435939682 
0.187402787814436   0.186533379659776   
0.278333183001077   0.276687507748976   
0.362042056839233   0.361954656366802   
0.441870663715177   0.445733016970292   
0.526011156510925   0.530509226092021   
0.616436219373700   0.615927379292571   
0.699451555544289   0.692435405767489   
0.766544859217535   0.759519000851973   
0.819100448691001   0.822368921557337   
0.880663519189597   0.893550431517456   
0.960018717639498   0.970492217791136   
1.04455424673384    1.03939531683967    
1.10735909686516    1.08825497192503    
1.14085802432181    1.13025944575734    
1.16958447325994    1.18282082497821    
1.22331833313043    1.24970465746950    
1.30023767439466    1.31245216512660    
1.36885310346532    1.34876789229746    
1.39896476115868    1.36731157991019    
1.39929626900151    1.39508483559613    
1.41595590756130    1.44744815486806    
1.47110615108510    1.50740218151101    
1.54138002193883    1.53985535854898    
1.58361524696616    1.54109766150182    
1.57592468369904    1.54396934600794    
1.55654000291698    1.57562863246689    
1.57990321860094    1.62650268832987    
1.63479534640692    1.66218148636141    
1.68835211258137    1.65519758147017    
1.68950299591015    1.63399370302346    
1.64697423555323    1.64007594106580    
1.63039476947524    1.68164601596664    
1.66601798065915    1.71756404991389    
1.72003919422520    1.70885524508462    
1.73338850985079    1.66947819168713    
1.68200786313900    1.64917438062513    
1.63235747428049    1.67248728137162    
1.64205310272879    1.70629958166038    
1.68918128025378    1.69985619662279    
1.70933748282441    1.64866686031007    
1.65216008893012    1.60264954027155    
1.57478981359520    1.60196554099202    
1.55982235864998    1.62647669435591    
1.59523946273499    1.61995250225408    
1.61387595223626    1.56122760622961    
1.54801711150259    1.49176662041942    
1.44516254479457    1.46305354848093    
1.40854631482502    1.47151571403376    
1.43427992437507    1.46221527883483    
1.44480588078175    1.39899950517121    
1.36335661512261    1.30974193775763    
1.23740376833755    1.25256425054589    
1.18283149149053    1.23922845928030    
1.19732078556685    1.22079634093614    
1.19123935259606    1.14930054958090    
1.08433858287837    1.04055450316714    
0.932478945607777   0.951829549405571   
0.860641404735494   0.907395010275222   
0.857912580590094   0.867489127320221   
0.820690527177686   0.779926661615895   
0.673552690149589   0.648593373317451   
0.497636754156307   0.526442573835605   
0.417072413832731   0.448539879472909   
0.390669604399664   0.378594099635255   
0.301494218039881   0.264477811972222   
0.104760608378812   0.108272275956731   
0.08745251996036027 0.05161356529069279 
0.166729563523956   0.163331646940984   
0.219196400011971   0.254710089738204   
0.381371872244360   0.396073610401386   
0.07991172794888057 0.07026395461097217 
0.771907751590953   0.750712672785184   
0.826555787599307   0.867098263884950   
0.921446680708141   0.962277932023996   
1.14208313866247    1.10342876529273    
1.35599089110123    1.29273308753380    
1.42610343921231    1.45790599100816    
1.46305461269932    1.54416979737085    
1.59919455857313    1.59977454305201    
1.80732084732877    1.70173900214718    
1.95677171938990    1.98016117524417    
1.86272330585637    1.96641679541965    
1.90430949974444    1.97802465612688    
2.02828668880694    1.94027185643111    
2.05414031976787    1.94731723985937    
1.94083023374319    2.00405903495654    
1.89003549446863    2.00985674412783    
1.91347028257951    1.89739720228111    
1.84748540099714    1.72243084849590    
1.58543759599542    1.58753517980757    
1.40314689903492    1.50081594280843    
1.33058154117678    1.34976036499124    
1.16068293240286    1.07760815110539    
0.765630091406304   0.763055423959309   
0.442181325215470   0.499307211636610   
0.284764519208896   0.275360540915049   
0.03830791834861310 0.02989081389554160 
0.425917319816824   0.384563483647990   
0.759184922933567   0.729246313667017   
0.918026358095730   0.980271774547202   
1.16229860027957    1.19057841448215    
1.55858984651227    1.45301082114275    
1.74814971161682    1.73949348612512    
1.76888195530480    1.89020657301749    
1.92034927176634    1.94155147443802    
2.08183463679965    1.92571963620785    
1.95850055713730    1.95395561981210    
1.81045986053007    1.95038405793545    
1.77174809089788    1.78331835606264    
1.59205222313723    1.46380851567819    
1.11310979037336    1.13894705983428    
0.793413927078416   0.865275204175644   
0.574780528155413   0.533303969933489   
0.114170169492801   0.08730557034318052 
0.501444834869918   0.439907267852301   
0.795190377294946   0.837399463980737   
1.09511687133407    1.14821058362527    
1.60898387830346    1.49003758203489    
1.84055748558691    1.84262849801852    
1.87975530818195    2.02663638842558    
2.02005567117142    1.98013573766118    
1.98772158546141    1.83550537622489    
1.60455228342448    1.69959515144881    
1.38861594192759    1.46577867989494    
1.10008454820466    0.999589487019272   
0.379546100109766   0.405403341187877   
0.167221015280015   0.138440897474072   
0.555262402225511   0.627827990393637   
1.14045362648336    1.07190784219294    
1.62207054673558    1.58347520377116    
1.75608847209466    1.89723515782696    
1.97876650922646    1.94851991116309    
2.05344395841284    1.89081729917879    
1.69637522116343    1.81200820170687    
1.50351261781829    1.57566113043920    
1.17568906966405    1.05943236617838    
0.385700032530239   0.428251490920705   
0.144008482443431   0.146530098005761   
0.552206268818833   0.616984668824208   
1.28600062807346    1.18237735566143    
1.67282750059268    1.70034553027242    
1.81940066294732    1.94894922824590    
2.06884508627794    1.93451837012723    
1.89415187760642    1.83671256804629    
1.52483618972625    1.66326946108781    
1.28140258620270    1.24634056671536    
0.633329740575976   0.581971348609337   
0.161385849456436   0.118884859989831   
0.591214749118924   0.652770176110742   
1.20725890119886    1.17240893553068    
