0.01029000000000000
0.01082101612070260
0.01126719377449625
0.01076901906945157
0.01103495868472516
0.01032693796885221
0.01110569823225052
0.01112210128490216
0.01110078705018103
0.01115583997713018
0.01050286867900700
0.01129189671399873
0.01098587112751780
0.01143353374963952
0.01114790749668954
0.01080035743369752
0.01134133237130182
0.01093864809612463
0.01163735243812935
0.01106232663090441
0.01116133080225625
0.01125903069584029
0.01099817728501673
0.01164291761278356
0.01097909564898650
0.01148235022924728
0.01111257295763106
0.01114436728478220
0.01144851222904755
0.01099066163213134
0.01166304298862333
0.01098859866949598
0.01129410198164807
0.01112079218973566
0.01108094336745646
0.01162864090980091
0.01095263167568914
0.01135591913978987
0.01075872194011551
0.01117333186891148
0.01139978544228310
0.01102309896925760
0.01128702236052898
0.01047953658650938
0.01117703686921967
0.01106280959715455
0.01116746091043405
0.01108287748701612
0.01033831113570252
0.01101831575624961
0.01072122867605727
0.01129140377598255
0.01077999515439954
0.01031296076340982
0.01071315643689848
0.01047935360282367
0.01128410290889673
0.01046061660182812
0.01036418654649861
0.01031925281452636
0.01036903673630505
0.01109777478514016
0.01023213585447200
0.01041753411505168
0.00991854605603897
0.01034880794653614
0.01074309414740285
0.01015643576848897
0.01039368807331558
0.00963297789469947
0.01035306598916381
0.01030925148006445
0.01022412331716812
0.01025422009017878
0.00955295853023837
0.01029881851698072
0.00991937041835525
0.01034091598348351
0.01002654231850476
0.00968990476447204
0.01015857033934233
0.00969469793308307
0.01038643583751378
0.00979732145698696
0.00996607345064102
0.00997615780400606
0.00969589946894166
0.01029281424299754
0.00968214330324935
0.01026989187263408
0.00982779572378955
0.00985987301829809
0.00100776275314041
0.00974171377850194
0.01047257424057387
0.00978787018990208
0.01008534449288448
0.00983185412891149
0.00995124439221610
0.01052527064792762
0.00991595555083901
0.01029282491570218
0.00965849749871486
0.01022747620833104
0.01046578286518208
0.01023918357602674
0.01044044917085705
0.00965362340781026
0.01046262738246074
0.01038128137071672
0.01067650969082241
0.01050789079267812
0.00985842002105158
0.01058276611864557
0.01036870339148718
0.01110073201765471
0.01051885018086506
0.01023043112388929
0.01059003895382376
0.01050570495811382
0.01138403302445015
0.01056009365861374
0.01066614179045799
0.01054112716205283
0.01077141014835166
0.01147022013857396
0.01070714978249001
0.01104057821758436
0.01051520260521214
0.01107674308013341
0.01137079566402587
0.01097593663548933
0.01127903035630756
0.01057556481188381
0.01132824392934277
0.01118721204126606
0.01129539199227341
0.01133979889176071
0.01076670770582423
0.01146018108970310
0.01102753042219129
0.01153677153008172
0.01124681346742471
0.01105429498453878
0.01144294426010539
0.01095251043429949
0.01163172528566307
0.01109684630329697
0.01136828584492858
0.01130300478750388
0.01098508023640267
0.01153585388358835
