47.4435394616136
47.4156546197044
47.4391478352626
47.4151538669088
47.4117705643800
47.4211774464433
47.3872640135994
47.4049724567856
47.3855116140402
47.3714000822348
47.3853075678292
47.3494907629676
47.3607588264496
47.3477695762697
47.3236715611583
47.3394862376691
47.3033194756726
47.3061158784476
47.2997759684176
47.2672725683337
47.2838548614031
47.2503328006064
47.2457290091409
47.2471118241351
47.2098361205026
47.2255141722328
47.1964259626439
47.1836258462813
47.1908788051286
47.1511844631371
47.1642136573577
47.1422199849419
47.1231845613058
47.1365875696319
47.0987157403279
47.1083734486136
47.0954546033378
47.0707916431954
47.0881136115028
47.0540830532638
47.0583508440453
47.0561862414649
47.0278134249512
47.0485624919384
47.0218711011419
47.0213295028142
47.0306811611253
47.0013377875663
47.0240257632697
47.0056480784863
46.9993330706232
47.0177292319900
46.9886714611965
47.0115140132569
47.0041256194762
46.9936428305072
47.0210505982408
46.9955990159254
47.0169297617940
47.0206555984912
47.0066513874932
47.0394526799593
47.0194284029149
47.0369380072985
47.0510517500562
47.0353163212587
47.0711570293775
47.0591610968856
47.0717185182615
47.0952597522066
47.0786748346584
47.1140931759797
47.1107098453906
47.1163649482658
47.1472681663687
47.1308835557075
47.1633778215710
47.1697159410412
47.1688240439014
47.2057532676762
47.1909638096600
47.2181225544647
47.2324072464631
47.2243278236845
47.2637792898307
47.2514422130878
47.2716505238050
47.2930619947056
47.2792580582383
47.3184423642921
47.3101701981203
47.3220214077184
47.3489985683659
47.3306616313996
47.3658173261582
47.3621719910140
47.3644957967510
47.3955517805622
47.3755433599931
47.4041808762470
47.4064257088396
47.3992821700651
47.4312273288818
47.4110575915940
47.4297653041881
47.4374175298239
47.4205552826027
47.4507038249281
47.4317484132332
47.4398571129356
47.4534027372102
47.4290697629363
47.4556091009302
47.4390089402516
47.4353820855204
47.4524301110069
47.4216483170169
47.4418771082526
47.4282710896889
47.4137170102846
47.4331850087617
47.3993532010629
47.4126448643693
47.4036281863368
47.3796196282645
47.3990683779795
47.3644578636135
47.3684965043845
47.3646087372185
47.3326569272362
47.3503729955113
47.3187344737407
47.3138954487190
47.3168665781461
47.2805445480246
47.2952521957998
47.2682908256085
47.2534350633627
47.2609631937765
47.2217089246115
47.2318748001722
47.2128319906620
47.1897005920463
47.2031073082961
47.1648332095172
47.1704630595632
47.1611294361605
47.1315752416395
47.1488079321062
47.1135666342935
47.1131842884298
47.1125359166798
