 0.530896809162585
 0.710874066010539
 0.908187434439586
 1.08713424093108 
 1.27511656211315 
 1.46363966778492 
 1.648576216122357
 1.846151868186718
 2.02326494853820 
 2.21464075968641 
 2.39642555859638 
 2.587693585472305
 2.782030999640033
 2.961906608769308
 3.15363134223663 
 3.33050604414853 
 3.527289565253488
 3.716779398745177
 3.902759426235325
 4.09142318449409 
 4.26705992196922 
 4.46622988376508 
 4.651622129448837
 4.844505645758498
 5.02777440595078 
 5.20630467225170 
 5.40364595096858 
 5.587632409479488
 5.785573205510171
 5.963474788502381
 6.14759549026694 
 6.33947459380624 
 6.525504183614123
 6.724716994779364
 6.900060918439861
 7.08951097090010 
 7.27436322714711 
 7.46479055955250 
 7.661183223759531
 7.838282913862714
 8.03029074343415 
 8.20944511420482 
 8.40452213582926 
 8.595109632947611
 8.777883793379320
 8.968888409685749
 9.14587891589652 
 9.34369685961151 
 9.527913642621854
 9.717744411151225
 9.904742704777082
10.08447712721580 
10.28131635494436 
10.46105805008311 
10.656376892179569
10.838532813057427
11.02441998520799 
11.21639629563127 
11.39526114061509 
11.592742192444948
11.771707040582128
11.964472370478778
12.14920617265333 
12.33110194370631 
12.526176369238109
12.705727183526112
12.903283746035199
13.08139365878654 
13.26825293988237 
13.45661086915172 
13.640886583963781
13.839141677822103
14.01444149140816 
14.20518349489682 
14.38534116587693 
14.576843506991335
14.771531035454882
14.949501299831562
15.14054946940357 
15.31477535590900 
15.512434225508586
15.701177834559841
15.886464350042796
16.07354219222345 
16.24680386553086 
16.44653938978470 
16.630360299158249
16.823761288258887
17.00437052059531 
17.18178404855600 
17.37865702459702 
17.561230216374412
17.759657541447342
17.934716585163027
18.11904130119032 
18.30916208788474 
18.49438357051262 
18.693018996940872
18.866526722272722
19.05682963790479 
19.23913497665868 
19.42952762930508 
19.624036692607907
19.800902359197562
19.993643598761902
20.17069729681193 
20.36594725034315 
20.553581797143068
20.737649558915430
20.928619150775588
21.10527481937631 
21.30252795037349 
21.48343652512369 
21.675271542064796
21.861691461130434
22.04307968288318 
22.23809894408613 
22.41560711671785 
22.612546476929551
22.794537684926761
22.983315139588364
23.17259775801028 
23.35120793113912 
23.548547975454951
23.728923854345038
23.924226158629978
24.10659970183736 
24.28957600135567 
24.48294486552298 
24.665433171150703
24.863979349994639
25.04154082680676 
25.22953036364371 
25.41644423053841 
25.604007046231166
25.801742458420016
25.978912233585478
26.16996153343949 
26.35020916528564 
26.543831277632054
26.737773521139304
26.918735719107255
27.10947693909736 
27.28571764171739 
27.48380171356171 
27.672698913505001
27.859975528576894
28.04722855730499 
28.22350675488103 
28.42278104846710 
28.607693054383364
28.801565045858272
