 255.338947311927   
 252.235516911970   
 249.142499472876   
 246.084168810961   
 242.959551253580   
 239.904841793031   
 236.810246657380   
 233.705340314216   
 230.651603075089   
 227.525071394280   
 224.460530253945   
 221.374989210642   
 218.259698107273   
 215.207410600625   
 212.082967933552   
 209.006790126016   
 205.929814768855   
 202.806393389289   
 199.751324388160   
 196.631006505378   
 193.540488159021   
 190.469353680104   
 187.340087043981   
 184.279119019725   
 181.166187040271   
 178.061840348960   
 174.995560321213   
 171.863057852641   
 168.793286345359   
 165.688625020721   
 162.569819450144   
 159.505402351900   
 156.371390307048   
 153.291025647104   
 150.195531221707   
 147.064628338605   
 144.000375886671   
 140.867856292011   
 137.776019285773   
 134.688980590323   
 131.548846436455   
 128.480990661796   
 125.352030428864   
 122.247745621080   
 119.167913923332   
 116.023229609896   
 112.950232486556   
 109.828925668320   
 106.713531609000   
 103.639705659746   
 100.494318758218   
  97.4131293279071  
  94.3006105567769  
  91.1742262073174  
  88.1043249361314  
  84.9622896545439  
  81.8718977933277  
  78.7709448527262  
  75.6368542746954  
  72.5698073716361  
  69.4355678118493  
  66.3354871538362  
  63.2461490545326  
  60.1061382648155  
  57.0385096066613  
  53.9144443885425  
  50.8048583888873  
  47.7267374482211  
  44.5847686146891  
  41.5151836270421  
  38.4036852518958  
  35.2868418642358  
  32.2183093646959  
  29.0779475445582  
  26.0033198850151  
  22.9039904180947  
  19.7813281761929  
  16.7193576523723  
  13.5850237731047  
  10.5039928872739  
   7.41790831554441 
   4.29211662752128 
   1.23407648642004 
  -1.89102635324925 
  -4.98049446930212 
  -8.05489370217434 
 -11.1826927173113  
 -14.2404586923459  
 -17.3538246936455  
 -20.4522871528540  
 -23.5156780342204  
 -26.6423018056316  
 -29.7021687762886  
 -32.8014548461950  
 -35.9090268187049  
 -38.9641507014487  
 -42.0880527856837  
 -45.1537581571146  
 -48.2389320710444  
 -51.3547802062540  
 -54.4047803831617  
 -57.5230178947324  
 -60.5954850677434  
 -63.6665507026556  
 -66.7873275786395  
 -69.8359949246716  
 -72.9473633972569  
 -76.0292444600945  
 -79.0902205453160  
 -82.2134809819357  
 -85.2650391400944  
 -88.3674167405183  
 -91.4587099263413  
 -94.5115801034972  
 -97.6337894811731  
-100.691612374325   
-103.784092659425   
-106.886162892361   
-109.935228217924   
-113.055413906300   
-116.123356532238   
-119.206241745801   
-122.319253610403   
-125.367473525060   
-128.483194795915   
-131.562372186351   
-134.635656785089   
-137.757840219337   
-140.809069285438   
-143.919556013171   
-147.012022716596   
-150.078441277264   
-153.207944849722   
-156.265572525418   
-159.369149510771   
-162.473886342516   
-165.535215315905   
-168.668494037910   
-171.735433461536   
-174.832062523432   
-177.948799044846   
-181.008571344376   
-184.142772408077   
-187.222127613200   
-190.311587324422   
-193.437965248635   
-196.498495241395   
-199.628813097276   
-202.721750184689   
-205.804208491581   
-208.938264714845   
-212.003530993485   
