 13.9197580409484
 19.4456212713386
 18.7367104009782
 24.6595191630456
 27.2950453330366
 29.7679067045389
 33.5126230342986
 32.7040650218556
 39.2908564907440
 40.7064149420468
 45.6039157618233
 47.0752273503336
 47.4302839071346
 53.0268303756885
 54.3222015596315
 60.9888071604701
 60.4852743439405
 62.5879680108816
 65.9927997949776
 68.3997809846283
 75.5132599272821
 74.1604941155391
 77.7381313752657
 78.6565563944048
 83.0099170738295
 89.0751313645609
 88.3858012325178
 92.4709324589623
 91.5689799534181
 97.8665463137835
101.920362054905 
103.209637378117 
106.568873680613 
105.211257741134 
112.441256845944 
114.576156301052 
118.399848701159 
120.180736159201 
119.834147115248 
126.438481117105 
127.650698443648 
133.527412111586 
133.640140091920 
135.380704787312 
139.949648282942 
141.523801153820 
148.181778089710 
147.315337483390 
151.347798329634 
153.381493331180 
156.401869774398 
162.071617969427 
161.567294972796 
167.208993626675 
167.268203147517 
172.032392531873 
175.479106725512 
176.727332497633 
182.675722085544 
181.952424921937 
187.863320143949 
188.825419237456 
192.685456803552 
197.539878936760 
197.684431476719 
203.388728039808 
202.620948469954 
208.870888185205 
211.935971016626 
214.494337812564 
218.498291349293 
217.467712049142 
224.726727393921 
226.388006082604 
231.889307053622 
233.291404681780 
233.533577445274 
239.828226697763 
241.376178106466 
249.004671880460 
248.192560872427 
250.567709230948 
254.226561594445 
257.206707600580 
265.176791345368 
263.620879239843 
267.764610990491 
268.495799414624 
273.804936213238 
280.268400639161 
279.740554328480 
284.325789563163 
283.235052235242 
290.540173616554 
294.504531268777 
296.407169556666 
300.037224898895 
298.866134283076 
306.733500787998 
308.540898045611 
313.259574472711 
315.028619845380 
315.337708854239 
321.998994333627 
322.922501816188 
329.530100784353 
329.551160601951 
332.327817352660 
336.398107575606 
337.953049637829 
344.699749544882 
344.000831701906 
349.190912786119 
350.467160670018 
353.659612289638 
358.701389467054 
358.816682749230 
365.230047701167 
364.676527538299 
369.469802955889 
371.850216730491 
374.040138442720 
380.053637651109 
379.356234248454 
384.732486136086 
384.755785956192 
389.438509200506 
393.877895397036 
394.611749911733 
399.235081232281 
398.090135196291 
404.518024488970 
407.157995327807 
410.221802634032 
413.027901182495 
412.174108655473 
418.750395833368 
420.293499904931 
425.758548751200 
426.392688906972 
426.903298708203 
432.117420141028 
433.776226056569 
440.681808920833 
439.716731351499 
442.041152172890 
444.984086706297 
447.904490692886 
454.796354353863 
453.413490115175 
457.176220755767 
457.751039556058 
