7.89803800000000
7.88666599364258
7.89143580642195
7.88970822003995
7.88817739886682
7.89846506481062
7.88446038983158
7.89170409517300
7.88832335604925
7.88612593801562
7.89753436191230
7.88330992466852
7.89165943214618
7.88705132861954
7.88518392340598
7.89545949045365
7.88351000782915
7.89081550403343
7.88668194410690
7.88505914579497
7.89257721368661
7.88503326114385
7.88911507489865
7.88770944348138
7.88522845331709
7.88964650487201
7.88726069923637
7.88674514724803
7.89000513951660
7.88515899935559
7.88740951064794
7.88943142700613
7.88452365120868
7.89300709581046
7.88492558212753
7.88652133070055
7.89095816420746
7.88327349597109
7.89590852691521
7.88506409327312
7.88702051508574
7.89159429810111
7.88329472397491
7.89771869973010
7.88614282641635
7.88831987668634
7.89154498693265
7.88463540639678
7.89815909785964
7.88863397201936
7.88974995470999
7.89137991452955
7.88709369426777
7.89760024249236
7.89221143348912
7.89064398475390
7.89186107347047
7.89002952550230
7.89623997597979
7.89645324378198
7.89077729404000
7.89335151620868
7.89260646534643
7.89467034821934
7.90070144005369
7.89051063629624
7.89575904410468
7.89426164253331
7.89360104467556
7.90387462503588
7.89035041254327
7.89841854362133
7.89503221233110
7.89347702781587
7.90515601305712
7.89106584124627
7.90047423568973
7.89553314843518
7.89418883950040
7.90437544293362
7.89279338341883
7.90097810350677
7.89651809303431
7.89516241707542
7.90215831612102
7.89509155018727
7.89967408908058
7.89833776896204
7.89563793869769
7.89942904480328
7.89728850321162
7.89725230495549
7.90076647201447
7.89517174713374
7.89707515382631
7.89871283696741
7.89449677085797
7.90305204355696
7.89389367380993
7.89558281616448
7.89893423852754
7.89201080593681
7.90454175305596
7.89242005699149
7.89477491766578
7.89760489299074
7.89016229341769
7.90440686473132
7.89157867341508
7.89408380547685
7.89526998265296
7.88915876915637
7.90229849423689
7.89179309901044
7.89281034114217
7.89280838461093
7.88899165842169
7.89855875077962
7.89293703527369
7.89057474349808
7.89109006982607
7.88900935804185
7.89405448498898
7.89448137976711
7.88769949389609
7.89050332043270
7.88859685928989
7.88990095926066
7.89572003673771
7.88483430173813
7.89082706733222
7.88754196493819
7.88675983041922
7.89613824986084
7.88269049622872
7.89143126160546
7.88632999708477
7.88502549314789
7.89533437157298
7.88182258311319
7.89174929070865
7.88573102268774
7.88466983424567
7.89345765756373
7.88241711420681
7.89125144856227
7.88621534965602
7.88498125453030
7.89105869629956
7.88424758037872
7.88980009493438
7.88810522328463
