47.4435394616136
47.4352423867962
47.4279353233498
47.4272584333956
47.4240133366460
47.4201909434803
47.4168487374063
47.4099719128442
47.3985548990540
47.3967107083567
47.3913598311810
47.3805834658064
47.3793883499260
47.3588209510157
47.3498669402671
47.3387777468321
47.3251711697326
47.3092274916243
47.2928332175842
47.2805515346888
47.2595052577446
47.2438792734389
47.2391944962638
47.2213713779448
47.2065660271840
47.1937650676965
47.1898539535475
47.1770644257305
47.1594135947537
47.1478922518484
47.1371799162441
47.1283944217121
47.1254326427350
47.0988364415322
47.1243038725441
47.1082983082896
47.1027043714518
47.0934354542191
47.0904648574829
47.1049806355058
47.1029664540321
47.0964863292380
47.1094747753576
47.1030081703183
47.0970504381580
47.0687773233814
47.0640464024220
47.0578706393411
47.0563273582516
47.0493812186604
47.0580598103627
47.0483638689387
47.0523154183574
47.0459072637074
47.0561476489523
47.0640386033097
47.0415731315293
47.0697540707944
47.0885642979757
47.0720067510550
47.0660697768389
47.0867011898721
47.0829275348380
47.0837359244675
47.0781287725807
47.0670546287491
47.0804634951544
47.0923600999378
47.0898300430900
47.1302478895700
47.1573474533650
47.1126842399828
47.1196916482059
47.1261016774055
47.1328142988521
47.1467860722797
47.1559017576238
47.2065120734853
47.2231523307281
47.2047845308733
47.2075874282109
47.2204819138741
47.2414735108492
47.2666346848982
47.2884654434070
47.2872155379005
47.2999492426083
47.2964631602828
47.3128202412025
47.3229694848698
47.3510135171788
47.3614719101038
47.3640189851352
47.3721432854404
47.3787734473935
47.3949610369991
47.3998016936101
47.4152077854659
47.4300565991881
47.4424650710191
47.4503142253484
47.4516157468605
47.4543443308573
47.4714943963876
47.4840499086474
47.4719926712284
47.4633543970498
47.4570634572821
47.4750974176640
47.4844972838426
47.4722388425284
47.4733116529145
47.4797221345730
47.4784689236106
47.4725481236797
47.4689792477152
47.4718332154481
47.4759291295623
47.4594631299735
47.4553440342988
47.4466725259602
47.4474295851464
47.4065466810903
47.4472323649311
47.4393590505158
47.4419066944500
47.4380665373565
47.4197662958139
47.4089985547880
47.3938612241224
47.3844044188836
47.3806576051303
47.3695606413487
47.3592251306601
47.3436404391299
47.3319065555342
47.3209868188411
47.3119300246417
47.2938439269130
47.2826660063924
47.2756030352012
47.2725000484031
47.2604975723107
47.2496020215274
47.2368823186218
47.2303611230965
47.2200400143295
47.2138683937703
47.1981637305054
47.1827285549100
47.1756342254461
47.1598003917813
