 255.338947311927   
 253.258017550145   
 249.170641564470   
 246.100608987433   
 243.033324464737   
 239.954798363167   
 236.885935860867   
 233.809779341559   
 230.717334486169   
 227.646410254184   
 224.557149164679   
 221.472482721287   
 218.386323903612   
 215.305799760845   
 212.217740667621   
 209.159140526380   
 206.066095014176   
 202.982512785357   
 199.894390099285   
 196.836650450072   
 193.751436603778   
 190.653623021579   
 187.567149313652   
 184.463193625363   
 181.374627596136   
 178.289460846362   
 175.168629573784   
 172.063268032505   
 168.968354909337   
 165.871813806880   
 162.785703400685   
 159.677991312069   
 156.565679232835   
 153.481020934774   
 150.325390536527   
 147.228610480811   
 144.150318990187   
 141.054543669612   
 137.920189091888   
 134.802349294259   
 131.687187187892   
 128.591707345940   
 125.478731847238   
 122.370511957572   
 119.236898113783   
 116.166267212690   
 113.074242868460   
 109.952907046013   
 106.851438303045   
 103.733765061838   
 100.616941299469   
  97.4879953010152  
  94.3790340059172  
  91.2539783003421  
  88.1459751616990  
  85.0259613572953  
  81.9150120616292  
  78.7961873409903  
  75.6835149990723  
  72.5629101453926  
  69.4374952823927  
  66.3334439713740  
  63.2205447594851  
  60.0999102681718  
  56.9645096406610  
  53.8324227822306  
  50.7158396931597  
  47.6026442557955  
  44.4536967032395  
  41.3669875319452  
  38.2903093221070  
  35.0748939662898  
  31.9649676969585  
  28.8335179482180  
  25.7016065215775  
  22.5722950868880  
  19.4685399033567  
  16.2855501793884  
  13.1429609277002  
  10.0407415967515  
   6.92224542063007 
   3.79941657692918 
   0.661249012511886
  -2.52126903545315 
  -5.62721290889826 
  -8.73172566237082 
 -11.8615336536755  
 -14.9718822731803  
 -18.0885162148268  
 -21.2066276384903  
 -24.3650134784526  
 -27.1366019235256  
 -30.6195379482115  
 -33.7824431479675  
 -36.9059340809133  
 -40.0129335768200  
 -43.1464764917875  
 -46.2885052589467  
 -49.4022002634334  
 -52.5444471306255  
 -55.6763862724580  
 -58.8110155512758  
 -61.9433478660600  
 -65.0773640627266  
 -68.2111611368187  
 -71.3398216239056  
 -74.5061521388425  
 -77.6623474553470  
 -80.7765327320762  
 -83.9175531814401  
 -87.0744740804819  
 -90.2154230401126  
 -93.3543983181608  
 -96.5033877053462  
 -99.6674041606827  
-102.823567528980   
-105.921091028662   
-109.133417865614   
-112.293082365568   
-115.479933436599   
-118.640126608905   
-121.797661796688   
-124.991255127070   
-128.134692460379   
-131.295266409631   
-134.486233263488   
-137.645696190113   
-140.812532828675   
-143.998860324372   
-147.182680337744   
-150.359074173035   
-153.529053263557   
-156.718510944417   
-159.903549394754   
-163.096128487895   
-166.278340113664   
-169.470158249572   
-172.668605638627   
-175.855618593094   
-179.058305387387   
-182.232646179852   
-185.429640939010   
-188.622191433625   
-191.818364917855   
-195.009126260001   
-198.197520527771   
-201.392480512603   
-204.589743819472   
-207.794120588021   
-210.984725398040   
-214.179919788063   
-217.384599453010   
