 13.9197580409484
 14.8093372788811
 16.7892457650880
 18.3745368851591
 19.7602048353211
 21.3462303575682
 23.3427502931939
 25.4197152197698
 28.8071227500749
 31.1952029991782
 33.8437925247457
 36.6430028442664
 39.5728979478026
 43.1434201420243
 46.0746795461115
 49.1667479645348
 52.2594864828177
 55.4130298675788
 58.6273738440170
 61.7826064015181
 65.0285861262920
 68.2054205472399
 71.1231665673394
 74.3916957848086
 77.5311070534904
 80.6013913468933
 82.9026033434793
 86.2046457005281
 89.3975263156077
 92.4912964100244
 95.5958993480767
 98.3013766190052
101.527706424318 
104.534665102181 
106.942795249203 
110.101350650887 
113.230608645674 
116.260594600240 
119.271405407830 
121.712863288191 
124.704865312062 
127.787352070415 
130.620505372436 
133.544084645130 
136.658241326599 
140.382475940538 
143.287225845901 
146.512435698997 
149.617831997488 
152.453536316297 
155.769444163112 
159.295549856609 
162.661668095187 
166.357928345044 
169.374111852345 
172.920315699876 
176.376402380892 
179.832350925759 
183.308077219899 
187.023651487651 
190.418956776771 
193.903784046862 
197.398333276686 
201.112501907487 
204.776304371775 
208.319621429165 
211.982278300090 
215.604362792407 
219.316026362973 
223.226047937048 
227.135977429509 
229.866665440091 
233.775393176431 
237.563416541651 
239.880649043775 
243.897036368139 
247.732580865648 
251.897222947583 
255.091095821502 
258.694230806576 
262.216416510311 
265.737675893533 
269.238007005060 
272.627404300658 
276.285937154439 
279.833705583403 
283.360512916240 
286.766555004244 
290.281651454181 
294.135943763271 
297.439256794666 
300.912779543975 
304.463820519494 
307.834846267191 
311.375254414133 
314.984978699556 
318.483979512478 
321.722262950377 
325.540047834453 
329.077158684756 
332.513797677133 
336.029959112887 
339.525687553291 
342.910983146271 
346.475938336645 
350.160644109364 
353.714876228774 
357.218917975792 
360.662969621192 
364.156763327036 
367.660400453776 
371.164085299536 
374.967805971049 
378.361548676001 
381.905336214895 
385.239340088991 
388.633866032459 
392.248095848575 
395.492865751421 
398.667887487350 
402.393426979944 
405.709444893018 
409.325683063783 
412.392895335104 
415.740470662444 
418.938584903161 
422.337454721344 
425.656938914212 
428.997117124920 
432.278044287171 
435.579792681108 
438.862376180859 
442.135702686251 
445.489882688543 
448.664888888397 
452.480808258946 
455.307617908541 
458.305345246073 
461.723957234209 
464.913524050328 
468.384032210095 
471.705482158961 
475.047800980551 
478.461031684861 
481.865138398190 
485.300144391986 
488.716004075668 
492.092731333652 
495.590262425602 
498.988567946745 
502.447701147772 
506.017587486750 
