0.01029000000000000
0.01106667776490501
0.01181894352917193
0.01158507485426483
0.01216890507545110
0.01181045408898822
0.01292423556679048
0.01339519300244142
0.01368655179826622
0.01419602045563216
0.01393901461582911
0.01521698138502696
0.01542733620570370
0.01627977125156632
0.01649739683651849
0.01651968174608971
0.01761911445483722
0.01773835315684159
0.01893207663675094
0.01888798653433243
0.01936767469107514
0.02012684929616608
0.02038452650090997
0.02161989322476732
0.02149631511432296
0.02240817227324632
0.02280423938700876
0.02326802984993687
0.02431059034548836
0.02429870439570214
0.02547991480482002
0.02558379433462105
0.02618611586960624
0.02695295912277015
0.02712783607238766
0.02841133268310845
0.02831728072185488
0.02895037823335144
0.02946812744377718
0.02980795057509401
0.03108878979005066
0.03085840940397953
0.03143933369860195
0.03179144942592698
0.03223086221435159
0.03349782925862760
0.03315321699542210
0.03363969046821640
0.03391384265269443
0.03438953751124431
0.03563588542143492
0.03520507646850991
0.03560089841029476
0.03586524090188158
0.03632569799896547
0.03752430824529280
0.03700434268357151
0.03731023032215002
0.03759134454910795
0.03799508158318694
0.03914564953223617
0.03858614168898135
0.03885002576586519
0.03923453823488886
0.03956589961809950
0.04070589512012805
0.04020326967719044
0.04045117173302381
0.04102463927493491
0.04124292113228240
0.04237951136862617
0.04204656522512762
0.04223827879019362
0.04303421609304146
0.04309593689207239
0.04418168722128254
0.04416146188418139
0.04420475470082507
0.04518075301413046
0.04512525565901944
0.04603768510668155
0.04649127132971662
0.04633047808160110
0.04730652432366656
0.04732045921523666
0.04787399099192794
0.04882291389164403
0.04855982884272248
0.04920362001394572
0.04957425946890335
0.04971178194465263
0.05083580165593123
0.05079162444227576
0.05083891814623444
0.05170153007082731
0.05177080395246563
0.05241940694534394
0.05283076359179449
0.05246710209726471
0.05349320352563360
0.05410637908029980
0.05391242142638925
0.05445432695180264
0.05440272033516805
0.05499818368901533
0.05621172272948358
0.05578636004628300
0.05580200719137059
0.05661960939423891
0.05683262788500839
0.05761194758894198
0.05788009533258796
0.05752780999239821
0.05863912751706287
0.05940508939434574
0.05908875177116779
0.05958893174162305
0.05999111722724988
0.06037489445737968
0.06152403964410525
0.06145835022674911
0.06124794331912249
0.06236777371964029
0.06274680385721125
0.06272537646947571
0.06340871926338064
0.06365131347840701
0.06395029401158782
0.06501338775048178
0.06497076800347382
0.06477900820324538
0.06566078071812308
0.06573232266531942
0.06564493187840552
0.06627774178456489
0.06626880090098621
0.06605520219339048
0.06673708919950744
0.06661368492036626
0.06609398766474596
0.06644619829550701
0.06609475453493424
0.06576092599852260
0.06620297947387127
0.06577573496589199
0.06500258002847667
0.06535999111760307
0.06516131258993460
0.06432771170238040
0.06424977415309281
0.06369435886854187
0.06332587221836096
