47.4435394616136
47.4162414608199
47.4399049318938
47.4159983167593
47.4129803909130
47.4233575826642
47.3901005203018
47.4078810682174
47.3887271801140
47.3748666818741
47.3896108515995
47.3547127622932
47.3645599127828
47.3504470770476
47.3238721378060
47.3371180451782
47.2987313680845
47.2975862298614
47.2885009923228
47.2526044371217
47.2661166352055
47.2293927019802
47.2225115363463
47.2206576411706
47.1815143053430
47.1962771899338
47.1629263976854
47.1527435249820
47.1563397658506
47.1169475747687
47.1336013966043
47.1046718953990
47.0954167045220
47.1045488758455
47.0681219414111
47.0881418076585
47.0629223753253
47.0564438671339
47.0683888069171
47.0347911223096
47.0580627719948
47.0348421529610
47.0331289268381
47.0460958598762
47.0161887594548
47.0430746391281
47.0201292295878
47.0246448071127
47.0355128169422
47.0082819168904
47.0367919213632
47.0111191826387
47.0224371250118
47.0305532730988
47.0088517330532
47.0403872700518
47.0143883507673
47.0333877780736
47.0371048510154
47.0211812557109
47.0522803582983
47.0249510945174
47.0503369115666
47.0474385224093
47.0399876457335
47.0693705515711
47.0443762901100
47.0772172103238
47.0685198836932
47.0738164558315
47.0990177799948
47.0807928809289
47.1181067911602
47.1042484495232
47.1243032577781
47.1405290193445
47.1353920267377
47.1712350051015
47.1566842522241
47.1908426597463
47.1928157798810
47.2062545774520
47.2298639762857
47.2215404295241
47.2621558407378
47.2495932019541
47.2832158219317
47.2868880652713
47.2946487205383
47.3281373908368
47.3111733292626
47.3543299904050
47.3392734802656
47.3655617755408
47.3761319023798
47.3722116939599
47.4017641685400
47.3848946010462
47.4198665316204
47.4055778476936
47.4277232582846
47.4248338824955
47.4275940600696
47.4485351693342
47.4257727690444
47.4601390074445
47.4320344240314
47.4571933548969
47.4480328772616
47.4467548889719
47.4583073946713
47.4424393523274
47.4645872247642
47.4368505744915
47.4633907278303
47.4355820106648
47.4532377120219
47.4429079993704
47.4329657385401
47.4473675679860
47.4232494223875
47.4429078252894
47.4121909702979
47.4347391676573
47.4042557054380
47.4214231496957
47.4010317285412
47.3923482525521
47.3937803846367
47.3668312570932
47.3740248076287
47.3384766098925
47.3553730120691
47.3139681051519
47.3312491406618
47.2969395430362
47.2960150493005
47.2847834501110
47.2668998459596
47.2635249852756
47.2351744352444
47.2499987100991
47.2083099345137
47.2295356781706
47.1908331421135
47.2014368435135
47.1823273513087
47.1774498212639
47.1651990746551
47.1463378307160
47.1529673167468
47.1132345508725
