 0.530896809162585
 0.715766516474965
 0.916570710407326
 1.09988874645706 
 1.29048399917212 
 1.48222922638123 
 1.668252645483945
 1.865419327403901
 2.04538224135442 
 2.23643522542219 
 2.42090902217102 
 2.610040328368652
 2.802327245840578
 2.983656520062603
 3.17396610264373 
 3.35464511111184 
 3.547117815809525
 3.735714629978532
 3.921634231764061
 4.11031075213225 
 4.29109333287422 
 4.48538645205600 
 4.672510709735771
 4.862991913006131
 5.05002367860468 
 5.23331210050530 
 5.42795465599907 
 5.615542786486034
 5.809161303826123
 5.995540201871147
 6.18217316682183 
 6.37664059431376 
 6.565696876989966
 6.761086707200402
 6.948005562175609
 7.13768264366165 
 7.33207534011700 
 7.522713586572648
 7.719094613859520
 7.907217900722040
 8.09936526864100 
 8.29414208168876 
 8.48613237416470 
 8.683242845072141
 8.872879101443084
 9.06664752551767 
 9.26175908408458 
 9.45432082762043 
 9.651622635101920
 9.842301890969412
10.03696566427771 
10.23202236311391 
10.42434645178287 
10.621338512602868
10.812550360923813
11.00757151728371 
11.20237985192870 
11.39439718711253 
11.591461216624932
11.783604179392163
11.979309502761387
12.17445913022113 
12.36672192778458 
12.564548994342529
12.758189736973865
12.954730847503898
13.15074890430308 
13.34371031748203 
13.542649295707870
13.738235200583886
13.935511090194135
14.13285860776645 
14.32714208785034 
14.527337139696501
14.725371648917477
14.923221222975434
15.12227495279720 
15.31874650279813 
15.520022070714282
15.720896236852690
15.919209300113084
16.11993978370352 
16.31950218847497 
16.521390974271400
16.725061244818454
16.924182168111634
17.12606946302498 
17.32931726526380 
17.531663804389754
17.737319051436354
17.938374105949194
18.14078200023362 
18.34719748523617 
18.550729560832326
18.756773742797213
18.961029385399344
19.16422017440657 
19.37182680643749 
19.577881682464333
19.783161225167342
19.990458503066696
20.19614519640565 
20.40306960843976 
20.612111054173671
20.817785052286714
21.02615434241463 
21.23550504408422 
21.44261746851648 
21.653031687036457
21.862081746596078
22.07034757769465 
22.28139925825500 
22.49181727212895 
22.701976516774445
22.914905933822453
23.12553480649748 
23.33611488488783 
23.550410249010945
23.762529983017611
23.975836947102261
24.19013570569733 
24.40327235444363 
24.618222210521260
24.835030946357001
25.04881155581917 
25.26330336164873 
25.48117189757870 
25.697022255206691
25.913907323228705
26.13040787754877 
26.34593472811506 
26.563033887358767
26.781551836314207
26.996503864354321
27.21190417766177 
27.43056774310730 
27.647064127972302
27.864097628969702
28.08073040201770 
28.29666253741358 
28.513713135488532
28.732200852562273
28.947055697315868
29.16245631901310 
29.38096302602142 
29.597187699019091
29.813577014567274
30.03005369059038 
30.24565857082700 
30.46181652123875 
30.679501406379430
30.893405218496743
