 255.338947311927  
 252.235516911970  
 249.142499472876  
 246.084168810961  
 242.959551253580  
 239.904841793031  
 236.810246657380  
 233.705340314216  
 230.651603075089  
 227.525071394280  
 224.460530253945  
 221.374989210642  
 218.259698107273  
 215.207410600625  
 212.082967933552  
 209.006790126016  
 205.929814768855  
 202.806393389289  
 199.751324388160  
 196.631006505378  
 193.540488159021  
 190.469353680104  
 187.340087043981  
 184.279119019725  
 181.166187040271  
 178.061840348960  
 174.995560321213  
 171.863057852641  
 168.793286345359  
 165.688625020721  
 162.569819450144  
 159.505402351900  
 156.371390307048  
 153.291025647104  
 150.195531221707  
 147.064628338605  
 144.000375886671  
 140.867856292011  
 137.776019285773  
 134.688980590323  
 131.548846436455  
 128.480990661796  
 125.352030428864  
 122.247745621080  
 119.167913923332  
 116.023229609896  
 112.950232486556  
 109.828925668320  
 106.713531609000  
 103.639705659746  
 100.494318758218  
  97.4131293279071 
  94.3006105567769 
  91.1742262073174 
  88.1043249361314 
  84.9622896545439 
  81.8718977933277 
  78.7709448527262 
  75.6368542746954 
  72.5698073716361 
  69.4355678118493 
  66.3354871538362 
  63.2461490545326 
  60.1061382648155 
  57.0385096066613 
  53.9144443885425 
  50.8048583888873 
  47.7267374482211 
  44.5847686146891 
  41.5151836270421 
  38.4036852518958 
  35.2868418642358 
  32.2183093646959 
  29.0779475445582 
  26.0033198850151 
  22.9039904180947 
  19.7813281761929 
  16.7193576523723 
  13.5850237731047 
  10.5039928872739 
   7.41790831554441
   4.29211662752128
   1.23407648642004
  -1.89102635324925
  -4.98049446930212
  -8.05489370217434
 -11.1826927173113 
 -14.2404586923459 
 -17.3538246936455 
 -20.4522871528540 
 -23.5156780342204 
 -26.6423018056316 
 -29.7021687762886 
 -32.8014548461950 
 -35.9090268187049 
 -38.9641507014487 
 -42.0880527856837 
 -45.1537581571146 
 -48.2389320710444 
 -51.3547802062540 
 -54.4047803831617 
 -57.5230178947324 
 -60.5954850677434 
 -63.6665507026556 
 -66.7873275786395 
 -69.8359949246716 
 -72.9473633972569 
 -76.0292444600945 
 -79.0902205453160 
 -82.2134809819357 
 -85.2650391400944 
 -88.3674167405183 
 -91.4587099263413 
 -94.5115801034972 
 -97.6337894811731 
-100.691612374325  
-103.784092659425  
-106.886162892361  
-109.935228217924  
-113.055413906300  
-116.123356532238  
-119.206241745801  
-122.319253610403  
-125.367473525060  
-128.483194795915  
-131.562372186351  
-134.635656785089  
-137.757840219337  
-140.809069285438  
-143.919556013171  
-147.012022716596  
-150.078441277264  
-153.207944849722  
-156.265572525418  
-159.369149510771  
-162.473886342516  
-165.535215315905  
-168.668494037910  
-171.735433461536  
-174.832062523432  
-177.948799044846  
-181.008571344376  
-184.142772408077  
-187.222127613200  
-190.311587324422  
-193.437965248635  
-196.498495241395  
-199.628813097276  
-202.721750184689  
-205.804208491581  
-208.938264714845  
-212.003530993485  


  -467.763712673024       -107.763712673024        252.236287326976
  -470.856279602322       -110.856279602322        249.143720397678
  -473.914600805223       -113.914600805223        246.085399194777
  -477.039432880486       -117.039432880486        242.960567119514
  -480.094141651450       -120.094141651450        239.905858348550
  -483.187298130351       -123.187298130351        236.812701869649
  -486.292328860254       -126.292328860254        233.707671139746
  -489.345992134813       -129.345992134813        230.654007865187
  -492.472921871015       -132.472921871015        227.527078128985
  -495.537556328304       -135.537556328304        224.462443671696
  -498.621152383856       -138.621152383856        221.378847616144
  -501.735064596735       -141.735064596735        218.264935403265
  -504.784997942052       -144.784997942052        215.215002057948
  -507.907840759335       -147.907840759335        212.092159240665
  -510.981510835445       -150.981510835444        209.018489164556
  -514.055120339646       -154.055120339646        205.944879660354
  -517.176783031314       -157.176783031314        202.823216968686
  -520.231581334804       -160.231581334804        199.768418665196
  -523.354020410685       -163.354020410685        196.645979589315
  -526.444164915762       -166.444164915762        193.555835084238
  -529.517202442899       -169.517202442899        190.482797557101
  -532.647037399110       -172.647037399110        187.352962600890
  -535.710555082789       -175.710555082789        184.289444917211
  -538.831691743279       -178.831691743279        181.168308256721
  -181.936498455951        178.063501544049        538.063501544049
  -185.010725149511        174.989274850489        534.989274850489
  -188.146426629383        171.853573370617        531.853573370617
  -191.218391923953        168.781608076047        528.781608076047
  -194.338621699532        165.661378300468        525.661378300468
  -197.455917429927        162.544082570073        522.544082570073
  -200.533105515353        159.466894484647        519.466894484647
  -203.673501018572        156.326498981428        516.326498981428
  -206.751065993354        153.248934006646        513.248934006646
  -209.870348327817        150.129651672183        510.129651672183
  -212.995235128901        147.004764871099        507.004764871099
  -216.074781414082        143.925218585918        503.925218585918
  -219.217906758860        140.782093241140        500.782093241140
  -222.297206497548        137.702793502452        497.702793502452
  -225.416992477590        134.583007522410        494.583007522410
  -228.545331409331        131.454668590669        491.454668590669
  -231.628406221370        128.371593778630        488.371593778630
  -234.773954717260        125.226045282740        485.226045282740
  -237.852499581186        122.147500418814        482.147500418814
  -240.975463265563        119.024536734437        479.024536734437
  -244.101741900243        115.898258099757        475.898258099757
  -247.189304039170        112.810695960830        472.810695960830
  -250.335734204657        109.664265795343        469.664265795343
  -253.412226312309        106.587773687691        466.587773687691
  -256.541712407235        103.458287592765        463.458287592765
  -259.664983087427        100.335016912573        460.335016912573
  -262.762134807922        97.2378651920776        457.237865192078
  -265.910644247586        94.0893557524139        454.089355752414
  -268.987173064970        91.0128269350297        451.012826935030
  -272.124243923759        87.8757560762409        447.875756076241
  -275.240951021539        84.7590489784607        444.759048978461
  -278.345585840600        81.6544141594000        441.654414159400
  -281.489208348837        78.5107916511628        438.510791651163
  -284.562310182333        75.4376898176673        435.437689817667
  -287.703248677722        72.2967513222779        432.296751322278
  -290.810260936195        69.1897390638047        429.189739063805
  -293.925268051394        66.0747319486061        426.074731948606
  -297.063841184033        62.9361588159665        422.936158815967
  -300.139701129943        59.8602988700568        419.860298870057
  -303.287598947559        56.7124010524409        416.712401052441
  -306.386301245536        53.6136987544637        413.613698754464
  -309.516651528532        50.4833484714681        410.483348471468
  -312.646947467958        47.3530525320419        407.353052532042
  -315.730049857891        44.2699501421087        404.269950142109
  -318.881704627427        41.1182953725733        401.118295372573
  -321.970809102183        38.0291908978168        398.029190897817
  -325.117383540691        34.8826164593093        394.882616459309
  -328.233457019137        31.7665429808627        391.766542980863
  -331.329271655365        28.6707283446351        388.670728344635
  -334.478617527281        25.5213824727188        385.521382472719
  -337.561098239784        22.4389017602159        382.438901760216
  -340.722570113096        19.2774298869040        379.277429886904
  -343.820347614481        16.1796523855193        376.179652385519
  -346.933823639483        13.0661763605173        373.066176360517
  -350.069606261252        9.93039373874825        369.930393738748
  -353.152544224827        6.84745577517318        366.847455775173
  -356.319030386027        3.68096961397339        363.680969613973
  -359.399965285812       0.600034714188388        360.600034714188
  -362.532536126674       -2.53253612667427        357.467463873326
  -365.644351992355       -5.64435199235506        354.355648007645
  -368.742893416038       -8.74289341603820        351.257106583962
  -371.897670534872       -11.8976705348717        348.102329465128
  -374.975596681828       -14.9755966818278        345.024403318172
  -378.119365792153       -18.1193657921533        341.880634207847
  -381.203459932449       -21.2034599324490        338.796540067551
  -384.330507749280       -24.3305077492804        335.669492250720
  -387.453308995864       -27.4533089958643        332.546691004136
  -390.549436656728       -30.5494366567282        329.450563343272
  -393.684929056788       -33.6849290567878        326.315070943212
  -396.754765162666       -36.7547651626660        323.245234837334
  -399.909021767412       -39.9090217674123        320.090978232588
  -402.996693435888       -42.9966934358880        317.003306564112
  -406.125699452735       -46.1256994527349        313.874300547265
  -409.233060172059       -49.2330601720589        310.766939827941
  -412.317752578590       -52.3177525785900        307.682247421410
  -415.472756433426       -55.4727564334260        304.527243566574
  -418.551340190040       -58.5513401900404        301.448659809960
  -421.699071552395       -61.6990715523950        298.300928447605
  -424.775460938049       -64.7754609380487        295.224539061951
  -427.899681637689       -67.8996816376893        292.100318362311
  -431.020678466479       -71.0206784664793        288.979321533521
  -434.133452539374       -74.1334525393742        285.866547460626
  -437.264677904010       -77.2646779040105        282.735322095990
  -440.339929456367       -80.3399294563674        279.660070543633
  -443.496147060851       -83.4961470608508        276.503852939149
  -446.582730554380       -86.5827305543796        273.417269445620
  -449.739033244185       -89.7390332441850        270.260966755815
  -452.830417618962       -92.8304176189616        267.169582381038
  -455.943479135031       -95.9434791350313        264.056520864969
  -459.082978853981       -99.0829788539807        260.917021146019
  -462.189375613349       -102.189375613349        257.810624386651
  -465.340605253691       -105.340605253691        254.659394746309
  -468.420631103130       -108.420631103130        251.579368896870
  -471.575821919913       -111.575821919913        248.424178080087
  -474.672154986654       -114.672154986654        245.327845013346
  -477.837768150033       -117.837768150033        242.162231849967
  -480.938920024623       -120.938920024623        239.061079975377
  -484.060292842544       -124.060292842544        235.939707157456
  -487.201442791499       -127.201442791499        232.798557208501
  -490.314154682908       -130.314154682908        229.685845317092
  -493.475351139287       -133.475351139287        226.524648860713
  -496.565640954414       -136.565640954414        223.434359045586
  -499.725676059044       -139.725676059044        220.274323940956
  -502.822885642034       -142.822885642034        217.177114357966
  -506.003930763899       -146.003930763899        213.996069236101
  -509.107294560301       -149.107294560301        210.892705439699
  -512.251050944520       -152.251050944520        207.748949055480
  -515.384758286633       -155.384758286633        204.615241713367
  -518.516736589882       -158.516736589882        201.483263410118
  -521.678815554920       -161.678815554920        198.321184445080
  -524.789854780543       -164.789854780543        195.210145219457
  -527.954228749285       -167.954228749285        192.045771250715
  -531.054186096191       -171.054186096191        188.945813903809
  -534.248183415594       -174.248183415594        185.751816584406
  -537.353387646417       -177.353387646417        182.646612353583
  -180.517121713118        179.482878286882        539.482878286882
  -183.639199733396        176.360800266604        536.360800266604
  -186.788955430451        173.211044569549        533.211044569549
  -189.944427305902        170.055572694098        530.055572694098
  -193.076439088444        166.923560911556        526.923560911556
  -196.234703391388        163.765296608612        523.765296608612
  -199.337783878271        160.662216121729        520.662216121729
  -202.532778213459        157.467221786541        517.467221786541
  -205.639832013618        154.360167986382        514.360167986382
  -208.813589934786        151.186410065214        511.186410065214
  -211.921597277792        148.078402722208        508.078402722208
  -215.081523013185        144.918476986815        504.918476986815