 13.9197580409484
 17.6298368494607
 15.6097119218449
 19.9046813483254
 21.5461011963805
 22.8067035750513
 26.1100809438055
 25.3996071654195
 30.9129577045352
 32.3973738782197
 36.2801577446668
 38.4770506040813
 39.5365243017877
 44.6007521807867
 46.4264486441249
 51.7813452839044
 52.9304548887123
 55.5049682254844
 59.1361693743122
 61.7976771876575
 67.3764709490098
 68.1565767280193
 71.5560870448082
 73.8555695111739
 77.4398137693056
 82.4531361601170
 83.4653248203574
 87.0652702776825
 88.6152119563647
 92.8350103470340
 97.0494483795311
 98.5461688761367
102.044604893790 
103.388573819431 
107.856463723209 
111.418709466080 
113.392504331916 
116.773272221266 
118.212315955273 
122.701912002341 
125.880403571822 
128.220046141062 
131.614901944590 
133.285791727145 
137.715637383645 
140.738687885541 
143.367789887570 
146.947160665995 
148.914185916186 
153.301991574634 
156.310238648683 
159.227761922881 
163.128127017090 
165.408992438863 
169.780670758463 
172.834731855201 
176.014618249939 
180.220576361400 
182.694290878195 
186.975439401558 
190.068360968982 
193.430932062509 
197.886931181133 
200.441764496805 
204.554205336924 
207.742705073575 
211.193109228813 
215.823109005223 
218.407541929961 
222.262421502076 
225.650859384889 
229.089303646243 
233.740528100369 
236.370844297374 
239.862852139277 
243.581201680759 
246.942652900559 
251.370631379428 
254.166380733324 
257.212350383855 
261.341391940995 
264.678715088134 
268.589028952664 
271.744958411610 
274.390085675165 
278.817671103443 
282.342024482158 
285.523286642608 
289.104239167335 
291.641985254968 
295.947496289351 
299.884643701662 
302.491352910812 
306.218731925019 
309.186769919727 
312.880932382944 
317.103101832704 
319.804496392904 
323.173876988391 
326.945690638918 
330.078317323432 
333.938353784767 
337.410148025166 
340.258466732026 
344.416591163116 
347.735919240886 
350.813766292886 
354.790359433065 
357.717833443332 
361.227972764798 
365.195020422293 
368.234158771922 
371.650634639871 
375.280260090261 
378.049792297101 
381.812755141061 
385.693834306947 
388.402376991829 
392.004202288797 
395.370788103527 
398.485196282383 
402.175424901035 
405.333844528212 
407.959449756010 
411.840535152374 
415.552656318534 
418.177896005244 
421.586468415747 
424.721434927449 
427.971157150828 
431.604325771526 
434.643989760037 
437.189517967298 
441.047132438126 
444.730475459362 
447.248694673772 
450.520305800849 
453.646915449695 
456.889339487358 
460.420621457747 
463.502038329261 
466.085530639692 
469.980796148448 
473.681280877147 
476.251744061298 
479.616225305649 
482.950828987851 
486.223600705399 
489.842614472554 
493.159260191847 
495.877976775582 
499.857091426702 
