7.89803800000000
7.88471165864734
7.88710326260174
7.88330884827313
7.87920328200240
7.88666499737968
7.86996535238987
7.87355461415612
7.86779663987825
7.86197559728411
7.87013981840565
7.85208729178445
7.85605106189686
7.84847041346699
7.84254194631635
7.84970392383257
7.83340351555981
7.83612433865460
7.82827369371073
7.82240769126988
7.82672309310378
7.81380677535185
7.81365634833551
7.80734894242817
7.80068748845415
7.80198236300609
7.79263739696587
7.78952501549424
7.78591714195721
7.77766512043810
7.77686521539249
7.77033157235046
7.76542137941303
7.76449790069279
7.75456368716362
7.75286795389849
7.74806061451751
7.74286480267383
7.74387192023256
7.73268176150004
7.73099727131549
7.72695279210585
7.72278021948965
7.72450762245837
7.71282271259286
7.71157056724941
7.70765338760704
7.70542964026555
7.70666839283040
7.69531244404623
7.69447695608217
7.69034114138177
7.69040619491703
7.69018571440972
7.67991012584309
7.67942372375334
7.67512243719644
7.67750479050960
7.67528662257654
7.66674411186434
7.66620270778184
7.66156559481458
7.66586784169668
7.66066371392920
7.65458474113673
7.65302831192215
7.64786531604443
7.65361690746607
7.64452335045567
7.64198673116717
7.63827367380173
7.63285428184119
7.63944431745616
7.62645661600415
7.62843436440693
7.62154698738213
7.61661343256326
7.62291143649019
7.60758005618908
7.61370220941581
7.60344034240420
7.59986877293753
7.60375359499871
7.58991120965658
7.59715514159112
7.58526754981521
7.58376830182215
7.58257801531735
7.57569188116627
7.57847315163736
7.56860976477889
7.56905859135067
7.56150491385814
7.56487680729236
7.55838421891909
7.55358142975697
7.55455249753460
7.54409567724742
7.55370969690362
7.53961353114943
7.53915531376000
7.53781654262418
7.53298411573085
7.53741797418351
7.52506081235963
7.52486763325177
7.51900512029616
7.52516144100428
7.51567116080530
7.51293981459553
7.50992683040681
7.50323129936327
7.51162350432274
7.49541109602644
7.49733226857025
7.49163551061244
7.49345502703858
7.48787203595203
7.48244663446437
7.47868165303120
7.47278963817473
7.48053768424176
7.46452960041974
7.46883456685580
7.46109845222461
7.46235883623116
7.45642789511419
7.45361279913309
7.44912876686592
7.44462385414945
7.45089894783696
7.43772267348148
7.44477921795756
7.43676931326871
7.44038874294676
7.43401525632619
7.43839269966235
7.43381541721508
7.43295206953150
7.43916581689485
7.43213836761922
7.44171623700324
7.43562327709252
7.44158081971147
7.43694251303490
7.44832950079502
7.44307849711125
7.44610043840017
7.45176061350860
7.45095340795197
7.46046355926683
7.45565603489491
