0.01029000000000000
0.01107298940414710
0.01183379291138214
0.01160526066220111
0.01219555772253922
0.01184479857172154
0.01296603046244561
0.01344958077524724
0.01374656246555903
0.01426620855451246
0.01401691743073225
0.01530540745475301
0.01553341310169004
0.01640319637853242
0.01664217432328756
0.01668558610625159
0.01780906423270427
0.01795519397780047
0.01917817288937944
0.01915816847281926
0.01966996248680452
0.02045177384972730
0.02074623141232461
0.02201036595868747
0.02191420990423064
0.02286929464760457
0.02327881780762332
0.02379511561767786
0.02484991468779950
0.02488064782912206
0.02610686984573562
0.02621464265102688
0.02688661735749720
0.02763745602139431
0.02788159781559972
0.02919618100045670
0.02910308894421109
0.02982081383266704
0.03028783628655659
0.03072959419233533
0.03202013571697756
0.03179567849750387
0.03247751712946281
0.03273289076627375
0.03331133919947189
0.03454251070192514
0.03421254658960092
0.03481952712359265
0.03494074491504109
0.03558996902864239
0.03675726748328784
0.03635167729383994
0.03689201475980369
0.03694134750895969
0.03761493983299686
0.03869594352306897
0.03822120296354097
0.03870748516001765
0.03871031357294829
0.03937919927569271
0.04038365661200925
0.03987774434958148
0.04037250141535770
0.04040693650328814
0.04105908896467999
0.04204192511841760
0.04155741059522874
0.04211720093948548
0.04226875954277831
0.04285284777119640
0.04386358578264954
0.04343814886045706
0.04406163831655591
0.04438924300338184
0.04480990117837094
0.04588158291969040
0.04556324308560717
0.04616963725206391
0.04671335265667479
0.04688697797241215
0.04802041145098580
0.04792067075752608
0.04835996061473656
0.04911814002395454
0.04903842193414721
0.05014387785157731
0.05042605224248729
0.05052659415801491
0.05138202555660208
0.05119982422130505
0.05208534567299586
0.05288319251951022
0.05262925954921018
0.05332238090369637
0.05337153316135259
0.05385792089180164
0.05505512050661826
0.05472691644890119
0.05494983887348042
0.05554037564052151
0.05570546256550521
0.05676950899786835
0.05680294596869019
0.05651702916875712
0.05758679767117582
0.05791488045448445
0.05820915564046097
0.05871324687664592
0.05843347501761698
0.05942646559781976
0.06040892250563935
0.05998635965846415
0.06040320278453973
0.06086200217589768
0.06127329650147147
0.06249593866861858
0.06236514209771400
0.06219383216292892
0.06334619432886843
0.06366177977041057
0.06394680659214205
0.06460051592349328
0.06456145498398856
0.06529873564313966
0.06632655285007104
0.06597843597806043
0.06623400978872651
0.06711149814363551
0.06712923813466881
0.06781904492836370
0.06832610976656575
0.06801397396386544
0.06861191468109083
0.06907659517675338
0.06868690856943163
0.06905823703965031
0.06937338569298999
0.06892668143654199
0.06949774718540187
0.06963516710982544
0.06893451303515769
0.06913123596420988
0.06890552380974940
0.06843990657630943
0.06880866035669335
0.06842351630997166
0.06756642579814481
0.06790419077672080
0.06769153711781842
0.06686086316306328
0.06677847339592677
0.06610533453985455
