47.4435394616136
47.4162421385093
47.4399104360464
47.4159865104721
47.4129992487798
47.4233516415033
47.3901034760106
47.4079052318871
47.3887117866472
47.3749019169936
47.3896196135536
47.3547273425321
47.3645946488100
47.3504657616918
47.3239110604056
47.3371536812122
47.2987922376774
47.2975855973642
47.2886096677182
47.2526246858223
47.2661548849962
47.2295545946146
47.2224010773497
47.2208837401753
47.1815199912973
47.1962442474193
47.1632607154879
47.1524457519381
47.1566749912048
47.1169859975810
47.1333979317043
47.1052768473877
47.0948611940784
47.1049932733052
47.0682679604366
47.0876814387065
47.0639322818864
47.0555585534767
47.0690255972575
47.0350885338365
47.0572241073218
47.0363948921296
47.0317127352439
47.0471494226728
47.0165632380226
47.0419692385528
47.0224277552674
47.0226065648326
47.0373928534995
47.0085955713212
47.0357701185829
47.0141744802245
47.0197529975270
47.0335309207816
47.0087982163684
47.0397335500865
47.0180169205723
47.0301628922408
47.0413995972534
47.0203427222695
47.0524920057835
47.0286791236631
47.0467859425891
47.0532516219520
47.0377351375873
47.0713338678289
47.0472306911110
47.0739559229517
47.0756571712885
47.0694451313002
47.1036676310348
47.0811706727222
47.1163266648898
47.1117618237331
47.1176242838415
47.1488053808197
47.1315450865253
47.1729987255830
47.1627077882576
47.1830835286427
47.2049717717239
47.1973769765004
47.2370909772752
47.2231457824637
47.2563363504984
47.2626849110839
47.2713107769201
47.2990745591673
47.2893721423415
47.3290669234825
47.3187402029104
47.3463803191273
47.3519418840255
47.3548354156114
47.3872662720331
47.3673975230921
47.4065572823767
47.3898731329907
47.4105100413369
47.4229280308502
47.4109374005632
47.4431422145366
47.4195820001090
47.4501901153001
47.4367613664414
47.4468295747858
47.4501120892420
47.4426713176156
47.4641947309458
47.4382962043453
47.4682422700840
47.4413371061336
47.4599924315779
47.4544362772464
47.4421357970630
47.4618526045428
47.4345206958431
47.4583654206253
47.4299417139583
47.4471725321434
47.4285385450142
47.4353373691664
47.4317680969028
47.4119263624740
47.4333362092014
47.3976401416505
47.4202512765173
47.3860805492005
47.3936515704423
47.3712217504665
47.3678343473607
47.3561563848709
47.3318227908164
47.3450694857242
47.3028942644697
47.3215582661615
47.2823801037509
47.2904854406686
47.2673898298111
47.2623934500704
47.2486787399467
47.2277610964895
47.2397743592461
47.1994445787060
47.2208559559760
47.1818934429305
47.1943745747317
47.1738900147269
47.1688319147958
47.1552827804714
47.1354709751848
47.1432227916472
