 0.530896809162585
 0.715912797636599
 0.916798688202993
 1.10021524281017 
 1.29085696286649 
 1.48269519828335 
 1.668747335708736
 1.865905755823997
 2.04590234135574 
 2.23691839741756 
 2.42143935908152 
 2.610518205529025
 2.802755596355816
 2.984053245444471
 3.17426857501878 
 3.35493907718934 
 3.547264714836491
 3.735722840101878
 3.921551582953388
 4.11004181368189 
 4.29076359962243 
 4.48478976623729 
 4.671689337581105
 4.862023318798318
 5.04874738604021 
 5.23194522185608 
 5.42615857596501 
 5.613458673882610
 5.806823599973801
 5.992766156050197
 6.17928809795142 
 6.37310466857102 
 6.561836773515735
 6.756803892754377
 6.943181932136283
 7.13271171269504 
 7.32618525164135 
 7.516485965353190
 7.712233446086310
 7.899742977944410
 8.09156213079508 
 8.28498046789616 
 8.47651053522118 
 8.672632139507002
 8.861443467894948
 9.05486302606066 
 9.24828781448828 
 9.44043778160929 
 9.636560178347334
 9.826324525855436
10.02065990786561 
10.21375408904073 
10.40574011414409 
10.601404207243405
10.791585800954553
10.986321213196473
11.17891587670209 
11.37064015480849 
11.566208499231819
11.757134128714760
11.952634435246855
12.14532775201867 
12.33726908025772 
12.533473658776896
12.725607666468750
12.922146088772338
13.11549535537595 
13.30795548763379 
13.505287280052911
13.698912357069860
13.896518942565005
14.09103428574440 
14.28434430022929 
14.48319260080781 
14.678630815181052
14.877224015060827
15.07344769382386 
15.26803963672050 
15.46854358855615 
15.666120384084702
15.865394634739101
16.06372184306194 
16.26006792232619 
16.46186527422066 
16.661851152688955
16.861396513797004
17.06190495787474 
17.26064695684280 
17.46304472972815 
17.665574134193261
17.865311488669690
18.06754660372588 
18.26931727772274 
18.47174221915283 
18.676443318541017
18.877052106927405
19.08009432335845 
19.28491063738156 
19.48760539179843 
19.693406923875605
19.896283121232393
20.09955616246493 
20.30630188689782 
20.510641985232413
20.716391804440362
20.922608766228472
21.12695847255395 
21.33385140019809 
21.541244625019953
21.746925266466223
21.955601556396402
22.16279009790826 
22.36928771630847 
22.579354922425957
22.787051214032486
22.996035804262133
23.20628854428763 
23.41489475959002 
23.625762747358581
23.837678913722433
24.04712292678760 
24.25806269040983 
24.47106932015624 
24.682486235148179
24.896559257255922
25.10902196138339 
25.32037221944625 
25.535263185884825
25.749482109785891
25.961854122130749
26.17528117285833 
26.38951119426497 
26.602812386356926
26.818386542190020
27.03092004146071 
27.24289038790341 
27.45841467648470 
27.672439810200585
27.885531046351339
28.09921143887839 
28.31286245161351 
28.526401293228655
28.741828810084963
28.953827211223915
29.16605876676690 
29.38145760555505 
29.594707330035608
29.807997726208858
30.02153255760420 
30.23400480542510 
30.44708513600558 
30.661443204907032
