 255.338947311927   
 252.236272858975   
 249.143711065375   
 246.085359339453   
 242.960522919656   
 239.905835634834   
 236.812633580635   
 233.707633430914   
 230.653935531248   
 227.526985396152   
 224.462401184557   
 221.378770193999   
 218.264879386560   
 215.214938460598   
 212.092073873733   
 209.018425861934   
 205.944879069331   
 202.823225466253   
 199.768409773085   
 196.646083505311   
 193.555751792863   
 190.482972299704   
 187.353161880693   
 184.289452136420   
 181.168839382436   
 178.063359775607   
 174.989671287854   
 171.854062159866   
 168.781502200770   
 165.662557127569   
 162.543795512777   
 159.467518462233   
 156.327302534518   
 153.248524539438   
 150.131610497014   
 147.004187339904   
 143.926082897115   
 140.783136068131   
 137.701864996666   
 134.585813076024   
 131.453786134280   
 128.373114531303   
 125.227530590631   
 122.146220453784   
 119.028984989427   
 115.896791389002   
 112.813300418594   
 109.665860585478   
 106.586076255306   
 103.464281564861   
 100.332633106188   
  97.2420658389229  
  94.0905172962517  
  91.0108492512454  
  87.8831236710645  
  84.7554770000108  
  81.6607112118081  
  78.5109660086059  
  75.4359542686734  
  72.3053912429854  
  69.1850719713509  
  66.0839676842510  
  62.9348766127309  
  59.8598814607772  
  56.7218488068511  
  53.6081963429443  
  50.4960141249858  
  47.3494922863085  
  44.2721719972763  
  41.1271621079885  
  38.0236243398745  
  34.8982809141956  
  31.7600366278017  
  28.6769894307148  
  25.5273002427559  
  22.4353132827371  
  19.2940226094988  
  16.1708008327295  
  13.0772845926658  
   9.93042861890660 
   6.84977669072796 
   3.69380651101153 
   0.591829154984869
  -2.51805159775077 
  -5.65237450847967 
  -8.73022246929512 
 -11.8950075251227  
 -14.9775473590854  
 -18.1066274492820  
 -21.2176604116391  
 -24.3064485624915  
 -27.4641945641145  
 -30.5399581198777  
 -33.6820548795447  
 -36.7666421669493  
 -39.8819133747056  
 -43.0143974139416  
 -46.1069417281601  
 -49.2456915594809  
 -52.3151426029299  
 -55.4603248809175  
 -58.5581632609409  
 -61.6841710888497  
 -64.7984271471556  
 -67.8773974801975  
 -71.0348700205251  
 -74.1164275757010  
 -77.2703285641709  
 -80.3553101443458  
 -83.4702830272797  
 -86.6065467405248  
 -89.7119761336908  
 -92.8581613664717  
 -95.9341836253671  
 -99.0853648929523  
-102.183618901599   
-105.338629767072   
-108.446090993188   
-111.552291605724   
-114.703941621412   
-117.802173728345   
-120.972813063838   
-124.056491445903   
-127.206425986540   
-130.317143950627   
-133.471127461601   
-136.596013647298   
-139.708831221849   
-142.863695721218   
-145.964761584171   
-149.151082609722   
-152.245836987789   
-155.405667344635   
-158.521049403693   
-161.681419197377   
-164.820013345344   
-167.948086503097   
-171.104987234935   
-174.210303730131   
-177.406176104553   
-180.510326814410   
-183.679428749451   
-186.794583321315   
-189.954969397931   
-193.102996182141   
-196.241670164483   
-199.396867878783   
-202.501445396497   
-205.696580340511   
-208.804555242620   
-211.979218926821   
-215.089687311981   
