 13.9197580409484
 17.5861778754492
 15.5447771650777
 19.8114262960309
 21.4422323026945
 22.6743621827926
 25.9711834404298
 25.2661874833450
 30.7684214715663
 32.2655422103656
 36.1290714546046
 38.3407067724402
 39.4110705882526
 44.4760347368938
 46.3207423672362
 51.6589782629327
 52.8363477522831
 55.4306905559075
 59.0587788942672
 61.7454743487382
 67.2975646661356
 68.1186661474960
 71.5369080542359
 73.8199585239674
 77.4384557227941
 82.3993332615754
 83.4734702036463
 87.0760910385819
 88.6075713428320
 92.8672415464688
 96.9941750133163
 98.5899060585367
102.060277886833 
103.401753546107 
107.902613026989 
111.344542850304 
113.468585147000 
116.780176964247 
118.246102153998 
122.749603220760 
125.777480940234 
128.331624416534 
131.607332594833 
133.339092352450 
137.767094302397 
140.603231685446 
143.525238051840 
146.927972557443 
148.986106399986 
153.368658172314 
156.146377745000 
159.424642547306 
163.089437145961 
165.484598617056 
169.862832204061 
172.639369175616 
176.241861087867 
180.163976626844 
182.781749567742 
187.104527972503 
189.856165745013 
193.697452111866 
197.844245306025 
200.556085003378 
204.778801974902 
207.515919464233 
211.487278127840 
215.832980200046 
218.532870354185 
222.619661009771 
225.394649674529 
229.371389698472 
233.861506744545 
236.471568957383 
240.374170198953 
243.284152678782 
247.134509049223 
251.677826354880 
254.200828778709 
257.854830844536 
261.051893236357 
264.669206109389 
269.128250060949 
271.716463867364 
275.050535275590 
278.695528272995 
282.067251050932 
286.217960136519 
289.123218511326 
292.093251080875 
296.201241517319 
299.488199189332 
303.079373972799 
306.490541319463 
309.207682576877 
313.498071397692 
317.012066161298 
319.994496963470 
323.802657700586 
326.620899146581 
330.567701044447 
334.505621512296 
337.264405389788 
340.986097420077 
344.320636173095 
347.568263367316 
351.643155050499 
354.855680026922 
358.020959381652 
361.901705867595 
364.822929058919 
368.414962601162 
372.335516226931 
375.116473192358 
378.845150172302 
382.283709013403 
385.360938303183 
389.170392318322 
392.290475729619 
395.153451781251 
399.085589337691 
402.559753932110 
405.445267439364 
408.993530437513 
411.740402563243 
415.168860507565 
419.098476000005 
421.824736682188 
424.818217704809 
428.530708166553 
431.823407698946 
434.856804583690 
438.184366782059 
440.725041784867 
444.359450127424 
448.203183857816 
450.752499904492 
453.826913007806 
457.280810679200 
460.493153289939 
463.751623112278 
467.002288939771 
469.600478617316 
473.431198457046 
477.191229304540 
479.793840664434 
483.150798731082 
486.524121145052 
489.780184244514 
493.422076950250 
496.723828861594 
499.511049858173 
