7.89803800000000
7.88466254785716
7.88698889585168
7.88314743246595
7.87899997336106
7.88639365818808
7.86963869697639
7.87313552816496
7.86732154960528
7.86143552782690
7.86952993671444
7.85139821752921
7.85522896084415
7.84750875774088
7.84141982949793
7.84841384026135
7.83193677232639
7.83442872727533
7.82638499220183
7.82030495296850
7.82437609009482
7.81132415857743
7.81080692247636
7.80438022967788
7.79743783255875
7.79839228227059
7.78905329875132
7.78535002945336
7.78183628114689
7.77316740579546
7.77195414518160
7.76562644973358
7.75984771635357
7.75933785356865
7.74878225839366
7.74666926151965
7.74228088773252
7.73590047595705
7.73772331773457
7.72566033507132
7.72363221385575
7.72022441427190
7.71444321804379
7.71758024572372
7.70466054493940
7.70323126094068
7.70017670948175
7.69580700347074
7.69925985501453
7.68617739229340
7.68550018870023
7.68235939185599
7.67970476365083
7.68266138144187
7.66994601796467
7.67011099412726
7.66670526490093
7.66577153541990
7.66777686695380
7.65577727110194
7.65658940813533
7.65252758319723
7.65302803850579
7.65313975460512
7.64232536015504
7.64311872247098
7.63802396172751
7.63972754505992
7.63680244795146
7.62820633446074
7.62802075196640
7.62198549324641
7.62479075443150
7.61799608184506
7.61319111649526
7.61077055718699
7.60442167951751
7.60819366992233
7.59735586368419
7.59771590862215
7.59165406657102
7.58596857754469
7.59007384277777
7.57638384869113
7.58197896489185
7.57164422200995
7.56770677413626
7.57076545437919
7.55756533845192
7.56583733334192
7.55263298448265
7.55083574726325
7.55068704784244
7.54292190297726
7.54824789289472
7.53600135027084
7.53560147724475
7.53058451393816
7.53207925215886
7.52857443926531
7.52159185255939
7.52107820588447
7.51251341539943
7.52147903822642
7.50830148619624
7.50747030352202
7.50519161991307
7.49873704770173
7.50583757259948
7.49045677597519
7.49127695807951
7.48613128769412
7.48828578338671
7.48308598512823
7.47639290139235
7.47328427978090
7.46664056917315
7.47495728476406
7.45900170025585
7.46186762128148
7.45486283866311
7.45281565194542
7.45279222397258
7.44264368244371
7.44230158699835
7.43569320947592
7.44178596463864
7.42798094571360
7.43240598696145
7.42406845498234
7.42248519288126
7.42427597876160
7.41625611867377
7.41967431116249
7.41362257576601
7.41956552932179
7.40969141684194
7.41818361607893
7.41114693761102
7.41204703416413
7.41654513818880
7.41262901379948
7.42041733954439
7.41554497875990
7.42198897048783
7.41694798879430
7.42937374811816
7.42385275149515
7.42722480156573
7.43290798851506
7.43198342096851
7.44261106855439
