0.01029000000000000
0.01107298940414710
0.01183379291138214
0.01160526066220111
0.01219555772253922
0.01184479857172154
0.01296603046244561
0.01344958077524724
0.01374656246555903
0.01426620855451246
0.01401691743073225
0.01530540745475301
0.01553341310169004
0.01640319637853242
0.01664217432328756
0.01668558610625159
0.01780906423270427
0.01795519397780047
0.01917817288937944
0.01915816847281926
0.01966996248680452
0.02045177384972730
0.02074623141232461
0.02201036595868747
0.02191420990423064
0.02286929464760457
0.02327881780762332
0.02379511561767786
0.02484991468779950
0.02488064782912206
0.02610686984573562
0.02621464265102688
0.02688661735749720
0.02763745602139431
0.02788159781559972
0.02919618100045670
0.02910308894421109
0.02982081383266704
0.03028783628655659
0.03072959419233533
0.03201302048310902
0.03178902452302446
0.03246809997460289
0.03272908893643479
0.03330124472020629
0.03453705861109750
0.03420639700408550
0.03480641832302830
0.03494078487773268
0.03557702914006935
0.03675493054090896
0.03634524358245442
0.03687509775960618
0.03694499979218161
0.03759940175161740
0.03869744063563454
0.03821379637787198
0.03868670108036301
0.03871794415194318
0.03936127791332158
0.04038901078469667
0.03986989939430610
0.04034772655472527
0.04041900873061985
0.04103859945708564
0.04204989442626510
0.04155158340994363
0.04208794634009246
0.04228513667631639
0.04282959857185594
0.04387108850365661
0.04343875138917607
0.04402699892310195
0.04440863201280008
0.04478499282640983
0.04588364396534052
0.04557638685572187
0.04612989528098796
0.04673175705105849
0.04686512630911396
0.04800977047960681
0.04795077896671709
0.04831995721478304
0.04912692802082895
0.04902892656490399
0.05011352953750547
0.05046710959142393
0.05049819631547268
0.05136942456849374
0.05121287737613586
0.05203827507768796
0.05291079037921802
0.05262688215531428
0.05328330108045030
0.05340717581738331
0.05381942385695725
0.05503501829690196
0.05474907770592049
0.05489922121434785
0.05557616176051927
0.05571742017521907
0.05669767589337468
0.05681826897482348
0.05649138989794739
0.05758668852161155
0.05798539295020875
0.05814552053610122
0.05868292360282337
0.05846080417732785
0.05938379818234293
0.06045446786850768
0.05999777631791890
0.06033811295939565
0.06091279423015138
0.06125817063842344
0.06242205760848507
0.06239862892276973
0.06217079064841018
0.06334496319297739
0.06373822491605251
0.06387010929849704
0.06455040559520754
0.06461174721917683
0.06524775795284220
0.06634328215061557
0.06603777206858388
0.06617705939029973
0.06713035080189023
0.06716214275663070
0.06770771302291917
0.06831160338220588
0.06805554204017239
0.06855152942225769
0.06914093167388011
0.06873566047045777
0.06897308170699513
0.06939757567336650
0.06892695447434496
0.06940835945828801
0.06967974204745460
0.06895950149480522
0.06906171498554795
0.06898238272146556
0.06844492480344957
0.06869869216284651
0.06845479938504423
0.06753966582462954
0.06786007120984031
0.06780411434724297
0.06685008586899166
0.06670256282527125
0.06618666801879179
