47.4435394616136
47.4162421385093
47.4399104360464
47.4159865104721
47.4129992487798
47.4233516415033
47.3901034760106
47.4079052318871
47.3887117866472
47.3749019169936
47.3896196135536
47.3547273425321
47.3645946488100
47.3504657616918
47.3239110604056
47.3371536812122
47.2987922376774
47.2975855973642
47.2886096677182
47.2526246858223
47.2661548849962
47.2295545946146
47.2224010773497
47.2208837401753
47.1815199912973
47.1962442474193
47.1632607154879
47.1524457519381
47.1566749912048
47.1169859975810
47.1333979317043
47.1052768473877
47.0948611940784
47.1049932733052
47.0682679604366
47.0876814387065
47.0639322818864
47.0555585534767
47.0690255972575
47.0350885338365
47.0572849060478
47.0363921908294
47.0318196475228
47.0471516081680
47.0165836996476
47.0421114642269
47.0223106878514
47.0228262425212
47.0373224979342
47.0086141278840
47.0359680160210
47.0139521796338
47.0200926759284
47.0333645473133
47.0088522849531
47.0399628355318
47.0177133801031
47.0306208471155
47.0411170379679
47.0204813425816
47.0527046268913
47.0283377285853
47.0473425621571
47.0528181303325
47.0380207451734
47.0714317564449
47.0469356915927
47.0745502860565
47.0750651514193
47.0699538412063
47.1035433172634
47.0810760155010
47.1168443245192
47.1110802621481
47.1184015149007
47.1483353490613
47.1318452083621
47.1732311932966
47.1620905633797
47.1840613456059
47.2040462421786
47.1982295079199
47.2367949025102
47.2228673622872
47.2572954550379
47.2614491535373
47.2726898229172
47.2981764074828
47.2897326983415
47.3295970239068
47.3176775444863
47.3478037016647
47.3507058339955
47.3558729446991
47.3869205991789
47.3672221075406
47.4071206645139
47.3890139820680
47.4118031778715
47.4217147269462
47.4121570748784
47.4422123116530
47.4198736079819
47.4508996480200
47.4353908916776
47.4488282811438
47.4482422754764
47.4440916845663
47.4636093473370
47.4380534376678
47.4690994597860
47.4403721165720
47.4613619570858
47.4528986119969
47.4437719664194
47.4602316746664
47.4357555584474
47.4581822410837
47.4290791212996
47.4490593011980
47.4264806194033
47.4372139456594
47.4300860874295
47.4132098476148
47.4323533328289
47.3986808188039
47.4200507977720
47.3851771959393
47.3956417862119
47.3686568984071
47.3701914398906
47.3541902667609
47.3332770784462
47.3441167706966
47.3039027979492
47.3210712996011
47.2817182660686
47.2924058509452
47.2645977750856
47.2652140712943
47.2463688393486
47.2295334620023
47.2388228913393
47.2002633842566
47.2201539717853
47.1814696657827
47.1961364975233
47.1711027311760
47.1721327407367
47.1525249611553
47.1375947725417
47.1420781374750
