 0.530896809162585
 0.715912797636599
 0.916798688202993
 1.10021524281017 
 1.29085696286649 
 1.48269519828335 
 1.668747335708736
 1.865905755823997
 2.04590234135574 
 2.23691839741756 
 2.42143935908152 
 2.610518205529025
 2.802755596355816
 2.984053245444471
 3.17426857501878 
 3.35493907718934 
 3.547264714836491
 3.735722840101878
 3.921551582953388
 4.11004181368189 
 4.29076359962243 
 4.48478976623729 
 4.671689337581105
 4.862023318798318
 5.04874738604021 
 5.23194522185608 
 5.42615857596501 
 5.613458673882610
 5.806823599973801
 5.992766156050197
 6.17928809795142 
 6.37310466857102 
 6.561836773515735
 6.756803892754377
 6.943181932136283
 7.13271171269504 
 7.32618525164135 
 7.516485965353190
 7.712233446086310
 7.899742977944410
 8.09168869205386 
 8.28525553791900 
 8.47690975753885 
 8.673172269967213
 8.862120451053570
 9.05564316273784 
 9.24925795554632 
 9.44150480985669 
 9.637781440298776
 9.827677728240039
 10.02209755816337
 10.21541524478159
 10.40747148652188
10.603305231772503
10.793614184087751
10.988420913256444
11.18126471849624 
11.37303473726446 
11.568789809745941
11.759841641270536
11.955398763972092
12.14836002023160 
12.34032826139949 
12.536733653670483
12.729001245140681
12.925572110853210
13.11920433777657 
13.31168441580535 
13.509218440614377
13.702999837891897
13.900599722350557
14.09541237102482 
14.28875834980652 
14.48778445596243 
14.683422527133106
14.881952780546933
15.07848239307073 
15.27316374962705 
15.47378238754315 
15.671620682617998
15.870772535674843
16.06938625615044 
16.26592506321709 
16.46774107904778 
16.668046959605067
16.867450980771508
17.06816656107487 
17.26723971541964 
17.46957231200049 
17.672426075375735
17.872103561969979
18.07439951152341 
18.27659826618915 
18.47896918682335 
18.683885073977517
18.884638209786634
19.08760399489027 
19.29278430991565 
19.49558664289021 
19.701395748680372
19.904629160093335
20.10785605707583 
20.31471305709602 
20.519381047014259
20.724988861774749
20.931546045428859
21.13610920368691 
21.34287754792435 
21.550637225835415
21.756298823813952
21.964999945256810
22.17259985865680 
22.37909917603641 
22.589276009811744
22.797302234029234
23.00610458552190 
23.21653202742175 
23.42553410789656 
23.636276045872792
23.848548030313260
24.05814144875998 
24.26894354910409 
24.48231093666585 
24.693844461523113
24.907782319760870
25.12059668665197 
25.33218934217871 
25.547007548773709
25.761647043819424
25.973928334222819
26.18730065892558 
26.40201302268874 
26.615338228334666
26.830899387848976
27.04380097369660 
27.25587792405918 
27.47137824002806 
27.685812626238087
27.898675776652178
28.11241516922234 
28.32662551871563 
28.540096356012671
28.755628774987393
28.967973727584173
29.18016194432478 
29.39562960800602 
29.609281764667546
29.822274556978659
30.03601586734987 
30.24903268620046 
30.46192781632130 
30.676523088945927
