 255.338947311927   
 252.236272858975   
 249.143711065375   
 246.085359339453   
 242.960522919656   
 239.905835634834   
 236.812633580635   
 233.707633430914   
 230.653935531248   
 227.526985396152   
 224.462401184557   
 221.378770193999   
 218.264879386560   
 215.214938460598   
 212.092073873733   
 209.018425861934   
 205.944879069331   
 202.823225466253   
 199.768409773085   
 196.646083505311   
 193.555751792863   
 190.482972299704   
 187.353161880693   
 184.289452136420   
 181.168839382436   
 178.063359775607   
 174.989671287854   
 171.854062159866   
 168.781502200770   
 165.662557127569   
 162.543795512777   
 159.467518462233   
 156.327302534518   
 153.248524539438   
 150.131610497014   
 147.004187339904   
 143.926082897115   
 140.783136068131   
 137.701864996666   
 134.585813076024   
 131.453588103947   
 128.372795783206   
 125.227129534342   
 122.145896891576   
 119.028271154575   
 115.896356463670   
 112.812531066801   
 109.665069592649   
 106.585521880985   
 103.463012503020   
 100.331983500526   
  97.2407914394780  
  94.0893923147838  
  91.0100390529032  
  87.8813192236580  
  84.7546357916848  
  81.6588734894048  
  78.5095739243616  
  75.4348422336613  
  72.3030794002041  
  69.1840546784842  
  66.0814931729882  
  62.9332906988121  
  59.8583722011149  
  56.7190850485271  
  53.6070058367252  
  50.4928407897857  
  47.3478136454072  
  44.2701244525097  
  41.1240714163467  
  38.0222153617690  
  34.8944025197625  
  31.7583586377305  
  28.6742376396588  
  25.5240883776534  
  22.4335245793038  
  19.2895565717268  
  16.1691110679449  
  13.0736791725803  
   9.92736483709915 
   6.84725272570742 
   3.68911108313414 
   0.589897427129233
  -2.52248957469831 
  -5.65503194554098 
  -8.73396928861578 
 -11.8993218774301  
 -14.9802498042262  
 -18.1115569645930  
 -21.2199148833069  
 -24.3117893418207  
 -27.4675545114151  
 -30.5440864478133  
 -33.6867899147698  
 -36.7690288955776  
 -39.8886010657340  
 -43.0168978511844  
 -46.1127006550437  
 -49.2495211550646  
 -52.3186947952860  
 -55.4671036068858  
 -58.5611180633419  
 -61.6907710254127  
 -64.8013142650967  
 -67.8830899638431  
 -71.0399970295250  
 -74.1217065522636  
 -77.2761655155873  
 -80.3583568440334  
 -83.4778920864485  
 -86.6097140913115  
 -89.7199359580480  
 -92.8621600348126  
 -95.9391706426925  
 -99.0927033690534  
-102.187700943175   
-105.346654914927   
-108.449327445762   
-111.559940642157   
-114.708558066464   
-117.810542308103   
-120.977960606587   
-124.061711208683   
-127.214542744365   
-130.320916910427   
-133.481140979113   
-136.599581424033   
-139.717108862851   
-142.868919238783   
-145.973538641488   
-149.157052007608   
-152.252013487482   
-155.414101064522   
-158.525128738422   
-161.692988538036   
-164.823990947610   
-167.957371807871   
-171.110349455074   
-174.219468258359   
-177.412979408195   
-180.517680822883   
-183.688101716741   
-186.799012105135   
-189.967750230962   
-193.107357362317   
-196.252147443975   
-199.402261648309   
-202.510832424092   
-205.704505964329   
-208.813199405578   
-211.988204403180   
-215.094586453019   
