 13.9197580409484
 17.5861778754492
 15.5447771650777
 19.8114262960309
 21.4422323026945
 22.6743621827926
 25.9711834404298
 25.2661874833450
 30.7684214715663
 32.2655422103656
 36.1290714546046
 38.3407067724402
 39.4110705882526
 44.4760347368938
 46.3207423672362
 51.6589782629327
 52.8363477522831
 55.4306905559075
 59.0587788942672
 61.7454743487382
 67.2975646661356
 68.1186661474960
 71.5369080542359
 73.8199585239674
 77.4384557227941
 82.3993332615754
 83.4734702036463
 87.0760910385819
 88.6075713428320
 92.8672415464688
 96.9941750133163
 98.5899060585367
102.060277886833 
103.401753546107 
107.902613026989 
111.344542850304 
113.468585147000 
116.780176964247 
118.246102153998 
122.749603220760 
125.780432614172 
128.329836752088 
131.609580226559 
133.339430349642 
137.766738231072 
140.614640150888 
143.516752720923 
146.933289592708 
148.984732197508 
153.368163731786 
156.164524978732 
159.410602634755 
163.098824625752 
165.481739657368 
169.862422012522 
172.662570872952 
176.223504371122 
180.178024272105 
182.777401563610 
187.103054612599 
189.883800275561 
193.676537527448 
197.862670064841 
200.550850741431 
204.773704909201 
207.548827695024 
211.465850930844 
215.853546801317 
218.528925553425 
222.607690708895 
225.434885209716 
229.351903580838 
233.878593173543 
236.472610984618 
240.351823484905 
243.334302357136 
247.121730490432 
251.682586610972 
254.211747911882 
257.820515966836 
261.111025159963 
264.672490426681 
269.111644071125 
271.740155364566 
275.008462739877 
278.752948470568 
282.098278970441 
286.178615351522 
289.154582299623 
292.057858487797 
296.235071796372 
299.549730504951 
303.034246867310 
306.512810718991 
309.202425861203 
313.487706123422 
317.079831613547 
319.977178913265 
323.795658849405 
326.660054522154 
330.525720132202 
334.530688522233 
337.295413183056 
340.949085731234 
344.382390151767 
347.557101760385 
351.603173361116 
354.908121648997 
357.990853574100 
361.925137828170 
364.888985543530 
368.378008996760 
372.347812670187 
375.137166657224 
378.795071545264 
382.350428855712 
385.410327268222 
389.127576112145 
392.339640685607 
395.125514210474 
399.050450362965 
402.623398635805 
405.426657147253 
408.980327684375 
411.827925341617 
415.174560006299 
419.067520428735 
421.865974032207 
424.758560170521 
428.551415894984 
431.913082088719 
434.819632331765 
438.185870753979 
440.783000497539 
444.329537098422 
448.186010530809 
450.788883977938 
453.766489168972 
457.350758179614 
460.591364049534 
463.694936525159 
467.017429472901 
469.628877422600 
473.380084399420 
477.207717239915 
479.829396571935 
483.092006723393 
486.620254158866 
489.852238963273 
493.344390305095 
496.760146973661 
499.512525430942 
