7.89803800000000
7.88466254785716
7.88698889585168
7.88314743246595
7.87899997336106
7.88639365818808
7.86963869697639
7.87313552816496
7.86732154960528
7.86143552782690
7.86952993671444
7.85139821752921
7.85522896084415
7.84750875774088
7.84141982949793
7.84841384026135
7.83193677232639
7.83442872727533
7.82638499220183
7.82030495296850
7.82437609009482
7.81132415857743
7.81080692247636
7.80438022967788
7.79743783255875
7.79839228227059
7.78905329875132
7.78535002945336
7.78183628114689
7.77316740579546
7.77195414518160
7.76562644973358
7.75984771635357
7.75933785356865
7.74878225839366
7.74666926151965
7.74228088773252
7.73590047595705
7.73772331773457
7.72566033507132
7.72363681365812
7.72020732997530
7.71447808914467
7.71754353430769
7.70467599673213
7.70324801527217
7.70012332090338
7.69590147949176
7.69917566753394
7.68621363519045
7.68551281080756
7.68227876543537
7.67986201562068
7.68252283440372
7.67001114627093
7.67010383098079
7.66660890814209
7.66599217228801
7.66757139897892
7.65588381349307
7.65654672848763
7.65242597539771
7.65330771761359
7.65285650385801
7.64249500700609
7.64302586212425
7.63792387204685
7.64005287538732
7.63644426403805
7.62846109403650
7.62786591126448
7.62189462412246
7.62513249693259
7.61758986545007
7.61353374565595
7.61055112871523
7.60435104955760
7.60849050526583
7.59697622952107
7.59809639640468
7.59140035161587
7.58593499800688
7.59022305604200
7.57617003925670
7.58226470008145
7.57144393866115
7.56774338263775
7.57065479729457
7.55768230015187
7.56583733415341
7.55259914477045
7.55098364389991
7.55029545006498
7.54342218391690
7.54783936577313
7.53616271532495
7.53585413862778
7.53013004606744
7.53273607085339
7.52790793291328
7.52178724798450
7.52127878803438
7.51243037020147
7.52179148887221
7.50784126414587
7.50746694681707
7.50506527052604
7.49929849355712
7.50540853967707
7.49062752684634
7.49113625561070
7.48572816966081
7.48907585041025
7.48222492475159
7.47690556447388
7.47328289032211
7.46671191855208
7.47500810841851
7.45869911218609
7.46180840004630
7.45476196599851
7.45365590318991
7.45191385182873
7.44329223325401
7.44183517401803
7.43552111653121
7.44207681437677
7.42754090466474
7.43268598765114
7.42406146185212
7.42319780498643
7.42339191739912
7.41702119638016
7.41892832229562
7.41351292781872
7.41997345734856
7.40928643552231
7.41863964689681
7.41093809673252
7.41247803248028
7.41567954028517
7.41355016735352
7.41955596343145
7.41568657985976
7.42251679256773
7.41657357986050
7.42998183929472
7.42332547245958
7.42731011551416
7.43217279497486
7.43306333525140
7.44164732609406
